339.59	0.00
339.97	39.00
340.35	41.50
340.73	40.00
341.12	38.50
341.50	110.50
341.88	73.00
342.26	71.50
342.65	82.00
343.03	57.50
343.41	70.50
343.79	67.50
344.17	47.50
344.55	209.50
344.94	94.00
345.32	59.50
345.70	64.00
346.08	80.00
346.46	63.50
346.84	78.50
347.23	77.00
347.61	81.50
347.99	48.00
348.37	178.50
348.75	75.50
349.13	72.50
349.51	69.00
349.90	74.00
350.28	55.50
350.66	60.00
351.04	82.50
351.42	88.50
351.80	64.00
352.18	47.00
352.56	51.50
352.94	45.50
353.32	72.00
353.71	51.00
354.09	73.50
354.47	83.50
354.85	85.50
355.23	65.50
355.61	49.00
355.99	67.00
356.37	58.50
356.75	130.50
357.13	75.50
357.51	72.00
357.89	96.00
358.27	67.50
358.65	90.50
359.03	75.00
359.41	51.00
359.79	60.00
360.17	79.50
360.55	97.00
360.93	65.00
361.31	121.50
361.69	68.00
362.07	49.00
362.45	81.00
362.83	117.50
363.21	123.00
363.59	102.50
363.97	176.00
364.35	64.50
364.73	82.00
365.11	115.50
365.49	65.00
365.87	53.00
366.25	65.50
366.63	99.00
367.01	68.00
367.39	80.00
367.77	197.50
368.14	62.00
368.52	67.50
368.90	81.00
369.28	52.50
369.66	112.50
370.04	84.50
370.42	70.00
370.80	78.00
371.18	68.50
371.56	82.00
371.93	70.00
372.31	98.50
372.69	61.50
373.07	73.00
373.45	73.50
373.83	57.50
374.21	82.50
374.58	95.00
374.96	94.50
375.34	97.50
375.72	79.00
376.10	61.50
376.48	84.50
376.85	67.50
377.23	80.00
377.61	86.00
377.99	72.50
378.37	107.00
378.75	123.00
379.12	91.00
379.50	90.50
379.88	102.50
380.26	89.50
380.63	91.00
381.01	187.00
381.39	114.50
381.77	120.50
382.15	112.50
382.52	115.00
382.90	113.50
383.28	136.00
383.66	110.50
384.03	143.50
384.41	170.50
384.79	186.00
385.17	199.00
385.54	178.50
385.92	180.00
386.30	211.50
386.67	202.00
387.05	237.50
387.43	248.50
387.81	260.00
388.18	284.00
388.56	292.00
388.94	301.00
389.31	318.00
389.69	422.00
390.07	388.00
390.44	393.00
390.82	418.00
391.20	457.50
391.57	448.50
391.95	507.50
392.33	431.50
392.70	415.00
393.08	406.50
393.46	437.00
393.83	460.50
394.21	475.00
394.58	504.00
394.96	562.50
395.34	576.50
395.71	647.50
396.09	585.50
396.47	576.50
396.84	596.00
397.22	653.00
397.59	768.00
397.97	814.00
398.35	918.50
398.72	971.50
399.10	1028.50
399.47	1077.00
399.85	1102.50
400.22	1174.00
400.60	1164.50
400.97	1257.00
401.35	1268.00
401.73	1301.50
402.10	1298.50
402.48	1330.00
402.85	1286.50
403.23	1297.00
403.60	1343.50
403.98	1349.00
404.35	1410.00
404.73	1365.00
405.10	1390.50
405.48	1412.00
405.85	1433.00
406.23	1449.50
406.60	1495.50
406.98	1505.50
407.35	1540.00
407.73	1582.00
408.10	1674.00
408.48	1682.50
408.85	1695.00
409.23	1648.50
409.60	1721.00
409.98	1726.50
410.35	1789.00
410.72	1748.00
411.10	1855.00
411.47	1887.00
411.85	1963.50
412.22	1950.00
412.60	1968.00
412.97	1952.50
413.34	1973.00
413.72	1985.50
414.09	1979.50
414.47	1982.00
414.84	1995.50
415.21	1968.00
415.59	1995.50
415.96	1993.50
416.34	2016.00
416.71	2014.50
417.08	2020.00
417.46	2003.00
417.83	1963.00
418.20	1999.00
418.58	2063.00
418.95	1996.00
419.32	1972.00
419.70	2036.00
420.07	2099.00
420.44	2016.50
420.82	2074.50
421.19	2043.50
421.56	2117.50
421.94	2053.50
422.31	2062.00
422.68	2018.00
423.06	2014.50
423.43	2008.50
423.80	2056.00
424.18	2118.00
424.55	2034.00
424.92	2093.00
425.29	2109.50
425.67	2117.50
426.04	2052.50
426.41	2089.00
426.78	2036.50
427.16	2074.00
427.53	2055.00
427.90	2038.00
428.27	2052.00
428.65	2064.50
429.02	1988.00
429.39	1931.50
429.76	1894.00
430.14	1886.50
430.51	2044.50
430.88	1969.50
431.25	2080.00
431.62	2151.50
432.00	2208.50
432.37	2309.50
432.74	2416.50
433.11	2398.50
433.48	2362.00
433.86	2427.50
434.23	2426.00
434.60	2478.00
434.97	2511.00
435.34	2538.00
435.71	2638.50
436.09	2742.50
436.46	2655.00
436.83	2785.00
437.20	2678.50
437.57	2649.00
437.94	2703.50
438.31	2594.50
438.68	2603.50
439.06	2675.50
439.43	2681.00
439.80	2751.00
440.17	2733.00
440.54	2794.50
440.91	2800.50
441.28	2825.50
441.65	2816.00
442.02	2809.00
442.39	2903.50
442.77	2877.50
443.14	2887.50
443.51	2894.50
443.88	2922.00
444.25	2750.50
444.62	2810.00
444.99	2829.50
445.36	2782.50
445.73	2762.00
446.10	2789.50
446.47	2749.50
446.84	2776.00
447.21	2756.50
447.58	2778.50
447.95	2803.50
448.32	2776.50
448.69	2846.50
449.06	2789.00
449.43	2815.50
449.80	2809.50
450.17	2909.00
450.54	2765.00
450.91	2782.00
451.28	2793.50
451.65	2729.50
452.02	2673.50
452.39	2633.50
452.76	2580.50
453.13	2576.00
453.50	2545.00
453.87	2593.50
454.24	2523.00
454.61	2510.00
454.98	2560.00
455.35	2675.50
455.71	2501.50
456.08	2525.00
456.45	2591.50
456.82	2501.00
457.19	2497.50
457.56	2488.00
457.93	2487.00
458.30	2448.00
458.67	2384.00
459.04	2506.00
459.40	2397.00
459.77	2424.50
460.14	2370.50
460.51	2391.50
460.88	2327.50
461.25	2394.00
461.62	2385.50
461.98	2346.50
462.35	2254.00
462.72	2320.00
463.09	2269.00
463.46	2262.00
463.83	2239.50
464.19	2200.00
464.56	2189.50
464.93	2181.00
465.30	2254.00
465.67	2083.00
466.03	2069.50
466.40	2044.00
466.77	1988.50
467.14	2051.50
467.51	1998.00
467.87	2009.00
468.24	1949.50
468.61	1933.00
468.98	1882.00
469.35	1928.50
469.71	1897.00
470.08	1881.00
470.45	1925.50
470.82	1776.50
471.18	1775.00
471.55	1745.00
471.92	1731.50
472.28	1746.50
472.65	1815.50
473.02	1761.00
473.39	1644.00
473.75	1659.00
474.12	1628.50
474.49	1642.50
474.85	1573.00
475.22	1602.50
475.59	1578.00
475.95	1534.00
476.32	1600.50
476.69	1489.50
477.05	1456.00
477.42	1443.00
477.79	1463.50
478.15	1527.00
478.52	1401.50
478.89	1543.00
479.25	1388.50
479.62	1379.00
479.99	1401.50
480.35	1381.50
480.72	1347.50
481.09	1304.50
481.45	1322.00
481.82	1308.00
482.18	1249.00
482.55	1352.50
482.92	1369.00
483.28	1224.00
483.65	1211.50
484.01	1178.50
484.38	1159.00
484.75	1121.00
485.11	1112.00
485.48	1041.50
485.84	1065.50
486.21	1039.50
486.57	1005.50
486.94	996.50
487.30	979.50
487.67	1010.50
488.04	1021.50
488.40	1040.00
488.77	1039.50
489.13	1031.00
489.50	1062.50
489.86	994.00
490.23	988.00
490.59	975.50
490.96	962.50
491.32	951.50
491.69	950.50
492.05	946.00
492.42	919.00
492.78	955.00
493.15	926.00
493.51	988.00
493.88	893.00
494.24	886.50
494.60	888.00
494.97	898.00
495.33	865.00
495.70	847.50
496.06	883.00
496.43	861.50
496.79	840.00
497.16	824.00
497.52	806.00
497.88	801.50
498.25	774.50
498.61	771.50
498.98	759.50
499.34	732.50
499.70	764.00
500.07	739.00
500.43	726.50
500.80	701.00
501.16	700.00
501.52	696.00
501.89	695.00
502.25	685.50
502.61	670.00
502.98	668.00
503.34	650.00
503.70	628.00
504.07	664.00
504.43	648.50
504.79	651.00
505.16	614.00
505.52	609.00
505.88	621.50
506.25	637.00
506.61	613.00
506.97	671.50
507.34	951.50
507.70	597.00
508.06	554.50
508.43	567.50
508.79	582.50
509.15	556.00
509.51	533.00
509.88	547.00
510.24	642.50
510.60	552.00
510.96	521.50
511.33	529.50
511.69	514.00
512.05	489.50
512.41	501.50
512.78	474.50
513.14	490.50
513.50	487.00
513.86	451.50
514.23	458.00
514.59	442.00
514.95	470.00
515.31	431.00
515.67	416.50
516.04	412.00
516.40	410.00
516.76	395.00
517.12	414.50
517.48	413.50
517.85	557.50
518.21	429.50
518.57	400.00
518.93	406.00
519.29	436.00
519.65	404.00
520.01	394.50
520.38	441.50
520.74	379.00
521.10	386.00
521.46	391.50
521.82	403.00
522.18	392.50
522.54	378.50
522.90	373.50
523.27	380.00
523.63	390.00
523.99	401.50
524.35	396.50
524.71	371.00
525.07	398.50
525.43	371.50
525.79	352.50
526.15	348.00
526.51	374.00
526.87	384.00
527.23	365.50
527.60	355.00
527.96	372.00
528.32	341.50
528.68	371.50
529.04	382.50
529.40	364.50
529.76	378.00
530.12	360.00
530.48	382.50
530.84	407.50
531.20	361.50
531.56	391.00
531.92	399.00
532.28	359.50
532.64	357.50
533.00	371.00
533.36	376.50
533.72	376.50
534.08	366.00
534.44	401.00
534.80	374.00
535.16	371.00
535.52	368.00
535.87	363.00
536.23	433.00
536.59	386.50
536.95	411.00
537.31	394.50
537.67	389.50
538.03	377.00
538.39	387.00
538.75	381.50
539.11	411.00
539.47	408.50
539.83	375.50
540.19	388.50
540.54	361.00
540.90	371.00
541.26	420.50
541.62	380.00
541.98	372.50
542.34	375.50
542.70	369.50
543.06	467.00
543.41	439.00
543.77	419.00
544.13	434.00
544.49	394.00
544.85	400.00
545.21	390.00
545.56	416.00
545.92	445.50
546.28	444.00
546.64	399.50
547.00	414.00
547.35	479.50
547.71	413.50
548.07	432.00
548.43	400.00
548.79	417.50
549.14	412.00
549.50	439.50
549.86	446.50
550.22	414.00
550.58	456.00
550.93	438.50
551.29	465.00
551.65	415.50
552.01	461.00
552.36	457.00
552.72	430.50
553.08	445.00
553.43	515.00
553.79	452.00
554.15	433.50
554.51	458.50
554.86	463.00
555.22	427.00
555.58	459.50
555.93	454.00
556.29	692.50
556.65	518.50
557.01	499.50
557.36	454.50
557.72	437.50
558.08	428.00
558.43	431.00
558.79	442.00
559.15	463.00
559.50	497.00
559.86	460.00
560.21	432.50
560.57	441.50
560.93	451.50
561.28	468.00
561.64	503.50
562.00	459.50
562.35	476.00
562.71	476.50
563.06	562.50
563.42	468.00
563.78	479.50
564.13	459.00
564.49	472.50
564.84	484.00
565.20	462.50
565.56	439.50
565.91	465.00
566.27	456.50
566.62	483.50
566.98	446.50
567.33	459.50
567.69	622.50
568.04	508.00
568.40	553.00
568.75	461.00
569.11	467.50
569.47	507.50
569.82	476.50
570.18	457.50
570.53	455.50
570.89	432.00
571.24	449.00
571.60	453.50
571.95	477.00
572.31	480.50
572.66	446.50
573.02	452.50
573.37	513.00
573.72	470.50
574.08	456.00
574.43	473.50
574.79	462.00
575.14	474.00
575.50	488.00
575.85	477.00
576.21	478.50
576.56	531.50
576.91	481.00
577.27	477.50
577.62	471.00
577.98	464.00
578.33	504.00
578.69	522.00
579.04	477.00
579.39	511.50
579.75	527.50
580.10	493.00
580.45	537.00
580.81	517.50
581.16	524.00
581.52	522.50
581.87	508.50
582.22	539.50
582.58	516.00
582.93	521.50
583.28	536.50
583.64	522.00
583.99	543.50
584.34	530.50
584.70	528.50
585.05	515.50
585.40	548.00
585.76	552.00
586.11	544.50
586.46	523.50
586.82	546.50
587.17	545.50
587.52	532.00
587.87	525.50
588.23	555.00
588.58	545.00
588.93	506.00
589.29	522.50
589.64	531.00
589.99	519.50
590.34	555.50
590.70	568.00
591.05	532.50
591.40	551.50
591.75	557.50
592.10	578.50
592.46	556.50
592.81	566.50
593.16	585.50
593.51	581.50
593.87	586.50
594.22	669.50
594.57	565.50
594.92	619.50
595.27	570.00
595.63	597.00
595.98	605.00
596.33	571.00
596.68	593.00
597.03	585.50
597.38	578.00
597.74	574.50
598.09	584.50
598.44	587.00
598.79	596.50
599.14	553.00
599.49	580.50
599.84	574.00
600.19	552.00
600.55	565.00
600.90	547.50
601.25	616.00
601.60	634.50
601.95	585.50
602.30	561.00
602.65	553.50
603.00	550.00
603.35	593.50
603.70	561.50
604.06	558.00
604.41	588.00
604.76	568.00
605.11	549.00
605.46	570.50
605.81	570.00
606.16	548.50
606.51	763.00
606.86	542.00
607.21	546.50
607.56	554.50
607.91	551.00
608.26	541.00
608.61	554.50
608.96	529.00
609.31	521.50
609.66	516.50
610.01	545.50
610.36	623.00
610.71	513.50
611.06	535.50
611.41	527.50
611.76	518.50
612.11	527.00
612.46	554.50
612.81	536.50
613.16	547.50
613.51	490.00
613.86	488.50
614.21	512.00
614.56	508.50
614.90	508.00
615.25	479.00
615.60	510.50
615.95	546.50
616.30	501.00
616.65	485.00
617.00	493.00
617.35	512.50
617.70	501.00
618.05	509.50
618.39	479.00
618.74	506.00
619.09	476.00
619.44	498.00
619.79	498.50
620.14	504.00
620.49	515.50
620.84	507.00
621.18	506.50
621.53	495.00
621.88	474.50
622.23	494.50
622.58	501.00
622.93	493.00
623.27	522.00
623.62	494.00
623.97	506.00
624.32	493.00
624.67	517.50
625.01	490.50
625.36	477.50
625.71	490.50
626.06	501.50
626.40	494.00
626.75	536.50
627.10	531.00
627.45	520.00
627.80	506.50
628.14	505.00
628.49	510.00
628.84	520.50
629.18	555.00
629.53	497.50
629.88	520.00
630.23	557.50
630.57	521.50
630.92	543.00
631.27	540.00
631.62	615.50
631.96	533.50
632.31	559.50
632.66	565.50
633.00	654.00
633.35	581.00
633.70	682.50
634.04	597.50
634.39	674.50
634.74	627.50
635.08	588.50
635.43	733.00
635.78	645.00
636.12	623.50
636.47	637.00
636.82	722.00
637.16	666.00
637.51	697.50
637.85	739.00
638.20	673.50
638.55	717.00
638.89	694.00
639.24	747.00
639.58	728.50
639.93	722.00
640.28	857.00
640.62	760.50
640.97	789.00
641.31	818.50
641.66	801.00
642.00	794.00
642.35	835.00
642.70	839.50
643.04	849.00
643.39	850.50
643.73	864.50
644.08	864.50
644.42	895.50
644.77	899.00
645.11	909.50
645.46	945.50
645.80	941.00
646.15	919.00
646.49	987.00
646.84	950.50
647.18	1038.50
647.53	1116.50
647.87	1048.00
648.22	1029.50
648.56	1112.50
648.91	1050.00
649.25	1060.00
649.60	1106.00
649.94	1100.50
650.29	1121.00
650.63	1139.50
650.97	1184.00
651.32	1218.50
651.66	1234.50
652.01	1245.00
652.35	1270.50
652.70	1299.50
653.04	1297.50
653.38	1315.00
653.73	1321.00
654.07	1378.50
654.42	1353.50
654.76	1352.00
655.10	1348.00
655.45	1403.50
655.79	1327.50
656.13	1350.00
656.48	1380.00
656.82	1388.00
657.17	1479.00
657.51	1472.50
657.85	1502.50
658.20	1534.50
658.54	1663.00
658.88	1610.00
659.23	1670.50
659.57	1675.00
659.91	1684.00
660.25	1710.00
660.60	1752.00
660.94	1761.00
661.28	1774.00
661.63	1822.50
661.97	1835.50
662.31	1845.50
662.66	1839.00
663.00	1880.50
663.34	1876.00
663.68	1919.50
664.03	1904.00
664.37	1931.50
664.71	1943.00
665.05	1969.50
665.40	1965.00
665.74	2004.00
666.08	2011.00
666.42	2005.00
666.77	1999.00
667.11	2059.00
667.45	2086.00
667.79	2089.50
668.13	2105.00
668.48	2096.00
668.82	2169.00
669.16	2092.50
669.50	2133.50
669.84	2142.00
670.18	2151.50
670.53	2156.00
670.87	2151.00
671.21	2194.00
671.55	2172.00
671.89	2188.00
672.23	2175.00
672.58	2219.50
672.92	2209.00
673.26	2209.00
673.60	2247.00
673.94	2194.00
674.28	2262.00
674.62	2215.00
674.96	2221.50
675.31	2253.50
675.65	2233.50
675.99	2289.00
676.33	2255.50
676.67	2229.00
677.01	2295.00
677.35	2273.00
677.69	2295.50
678.03	2285.00
678.37	2307.00
678.71	2298.50
679.05	2275.50
679.39	2313.00
679.73	2242.50
680.07	2300.00
680.41	2270.50
680.75	2320.00
681.10	2293.50
681.44	2276.00
681.78	2254.50
682.12	2274.00
682.46	2287.50
682.80	2282.00
683.14	2316.00
683.48	2269.50
683.82	2273.50
684.15	2264.50
684.49	2305.50
684.83	2285.00
685.17	2311.50
685.51	2198.00
685.85	2139.50
686.19	2014.00
686.53	1976.00
686.87	1953.00
687.21	1920.00
687.55	1833.00
687.89	1826.50
688.23	1812.00
688.57	1826.50
688.91	1833.00
689.25	1882.50
689.58	1923.00
689.92	1969.00
690.26	1988.50
690.60	2053.50
690.94	2088.50
691.28	2116.00
691.62	2176.50
691.96	2197.50
692.30	2247.00
692.63	2288.50
692.97	2312.50
693.31	2372.00
693.65	2437.00
693.99	2390.00
694.33	2363.50
694.66	2429.50
695.00	2411.00
695.34	2503.50
695.68	2478.00
696.02	2489.50
696.35	2510.00
696.69	2580.00
697.03	2591.50
697.37	2593.00
697.71	2610.50
698.04	2646.50
698.38	2638.50
698.72	2660.00
699.06	2655.00
699.40	2659.00
699.73	2659.00
700.07	2706.00
700.41	2678.00
700.75	2723.00
701.08	2699.50
701.42	2731.50
701.76	2703.50
702.09	2712.00
702.43	2766.50
702.77	2763.50
703.11	2781.50
703.44	2802.50
703.78	2819.50
704.12	2863.50
704.45	2910.00
704.79	3029.50
705.13	2921.00
705.46	2933.00
705.80	2948.00
706.14	2955.00
706.47	2950.00
706.81	2967.50
707.15	2971.50
707.48	2969.00
707.82	2999.00
708.16	3035.50
708.49	3018.00
708.83	3035.50
709.16	3054.50
709.50	3023.50
709.84	3085.50
710.17	3051.50
710.51	3150.00
710.85	3055.00
711.18	3063.00
711.52	3069.00
711.85	3093.50
712.19	3089.50
712.52	3079.00
712.86	3103.50
713.20	3137.50
713.53	3120.50
713.87	3087.50
714.20	3080.50
714.54	3142.50
714.87	3087.50
715.21	3069.00
715.54	3051.50
715.88	3025.50
716.21	2973.00
716.55	2923.00
716.88	2877.00
717.22	2824.00
717.55	2746.50
717.89	2703.00
718.22	2658.00
718.56	2624.50
718.89	2555.00
719.23	2575.00
719.56	2581.50
719.90	2610.50
720.23	2641.50
720.57	2681.00
720.90	2733.50
721.24	2823.00
721.57	2879.50
721.90	2838.50
722.24	2831.00
722.57	2866.00
722.91	2806.50
723.24	2794.50
723.58	2836.50
723.91	2768.50
724.24	2747.00
724.58	2752.00
724.91	2685.50
725.25	2693.00
725.58	2752.50
725.91	2663.00
726.25	2690.00
726.58	2728.00
726.91	2696.00
727.25	2731.50
727.58	2707.50
727.91	2693.00
728.25	2694.50
728.58	2673.00
728.91	2677.00
729.25	2766.50
729.58	2668.00
729.91	2711.00
730.25	2647.00
730.58	2722.50
730.91	2730.50
731.25	2712.00
731.58	2711.50
731.91	2777.50
732.25	2754.50
732.58	2810.00
732.91	2807.00
733.24	2824.50
733.58	2832.50
733.91	2827.50
734.24	2825.50
734.57	2822.00
734.91	2852.00
735.24	2769.00
735.57	2811.50
735.90	2783.00
736.24	2775.50
736.57	2750.00
736.90	2744.50
737.23	2713.50
737.56	2755.00
737.90	2735.00
738.23	2733.00
738.56	2693.00
738.89	2735.50
739.22	2683.00
739.56	2678.50
739.89	2679.00
740.22	2637.50
740.55	2609.50
740.88	2637.00
741.21	2641.00
741.55	2607.50
741.88	2612.00
742.21	2604.00
742.54	2605.50
742.87	2570.00
743.20	2559.00
743.53	2566.50
743.86	2547.50
744.20	2536.00
744.53	2560.00
744.86	2542.00
745.19	2517.50
745.52	2558.50
745.85	2514.00
746.18	2584.50
746.51	2537.50
746.84	2544.50
747.17	2472.50
747.50	2469.00
747.83	2409.00
748.16	2460.00
748.49	2420.00
748.83	2437.00
749.16	2415.00
749.49	2386.00
749.82	2371.50
750.15	2338.50
750.48	2323.00
750.81	2284.50
751.14	2296.00
751.47	2275.50
751.80	2321.50
752.13	2284.00
752.46	2254.50
752.79	2311.50
753.12	2278.50
753.45	2234.50
753.78	2222.50
754.10	2200.50
754.43	2215.50
754.76	2220.50
755.09	2167.50
755.42	2163.00
755.75	2202.50
756.08	2153.00
756.41	2109.00
756.74	2119.50
757.07	2094.50
757.40	2088.50
757.73	2073.00
758.06	2028.50
758.38	1949.50
758.71	1745.00
759.04	1570.00
759.37	1402.50
759.70	1179.50
760.03	990.00
760.36	838.00
760.69	725.50
761.01	683.50
761.34	659.50
761.67	626.00
762.00	645.00
762.33	634.50
762.66	635.50
762.98	663.50
763.31	658.00
763.64	688.50
763.97	726.50
764.30	772.50
764.63	869.50
764.95	899.00
765.28	965.50
765.61	1068.00
765.94	1139.50
766.26	1256.50
766.59	1296.00
766.92	1397.50
767.25	1479.00
767.58	1513.50
767.90	1570.00
768.23	1677.50
768.56	1666.00
768.89	1732.50
769.21	1675.50
769.54	1727.50
769.87	1728.50
770.19	1736.00
770.52	1782.50
770.85	1738.00
771.18	1759.50
771.50	1803.00
771.83	1708.50
772.16	1735.00
772.48	1745.50
772.81	1762.50
773.14	1722.00
773.46	1791.00
773.79	1848.50
774.12	1705.00
774.44	1696.50
774.77	1689.00
775.10	1684.50
775.42	1712.50
775.75	1730.50
776.07	1674.50
776.40	1760.00
776.73	1687.50
777.05	1688.00
777.38	1679.50
777.71	1674.50
778.03	1686.50
778.36	1649.00
778.68	1647.00
779.01	1621.50
779.33	1625.50
779.66	1617.00
779.99	1622.00
780.31	1587.00
780.64	1605.00
780.96	1594.50
781.29	1612.50
781.61	1617.50
781.94	1594.00
782.26	1555.00
782.59	1657.00
782.91	1547.50
783.24	1532.00
783.56	1531.00
783.89	1542.00
784.22	1541.50
784.54	1525.00
784.86	1557.50
785.19	1510.50
785.51	1524.50
785.84	1493.50
786.16	1504.50
786.49	1499.00
786.81	1459.00
787.14	1503.50
787.46	1471.00
787.79	1494.50
788.11	1474.50
788.44	1474.50
788.76	1620.00
789.08	1457.50
789.41	1439.50
789.73	1572.50
790.06	1467.50
790.38	1478.00
790.70	1398.50
791.03	1495.00
791.35	1454.50
791.68	1429.50
792.00	1454.50
792.32	1415.00
792.65	1416.00
792.97	1431.00
793.30	1438.50
793.62	1425.50
793.94	1416.50
794.27	1423.50
794.59	1404.00
794.91	1424.00
795.24	1436.50
795.56	1443.00
795.88	1449.00
796.21	1417.00
796.53	1425.50
796.85	1440.00
797.17	1455.00
797.50	1492.50
797.82	1471.00
798.14	1477.00
798.47	1446.50
798.79	1468.50
799.11	1444.50
799.43	1464.50
799.76	1489.00
800.08	1480.00
800.40	1449.50
800.72	1440.00
801.05	1439.50
801.37	1427.50
801.69	1424.50
802.01	1420.50
802.34	1421.00
802.66	1412.50
802.98	1404.00
803.30	1437.50
803.62	1428.50
803.95	1426.00
804.27	1429.50
804.59	1428.50
804.91	1382.50
805.23	1418.00
805.56	1415.50
805.88	1438.50
806.20	1422.00
806.52	1429.00
806.84	1422.50
807.16	1628.00
807.48	1397.00
807.81	1403.00
808.13	1420.50
808.45	1420.00
808.77	1387.50
809.09	1368.00
809.41	1395.50
809.73	1355.00
810.05	1339.50
810.37	1506.50
810.70	1385.50
811.02	1385.00
811.34	1321.00
811.66	1351.00
811.98	1318.00
812.30	1291.00
812.62	1297.00
812.94	1284.00
813.26	1238.50
813.58	1214.50
813.90	1247.50
814.22	1176.50
814.54	1181.00
814.86	1241.50
815.18	1157.50
815.50	1114.00
815.82	1084.50
816.14	1079.50
816.46	1098.50
816.78	1085.50
817.10	1055.00
817.42	1054.00
817.74	1050.50
818.06	1106.00
818.38	1026.50
818.70	1021.50
819.02	1032.00
819.34	1036.50
819.66	1067.50
819.98	1088.50
820.30	1068.50
820.62	1086.00
820.94	1104.50
821.26	1066.00
821.58	1064.00
821.89	1066.00
822.21	1000.50
822.53	1109.50
822.85	988.00
823.17	984.50
823.49	1031.50
823.81	1003.50
824.13	1004.50
824.45	1006.50
824.76	1005.50
825.08	1012.50
825.40	1022.00
825.72	1036.50
826.04	1027.00
826.36	1056.50
826.68	1050.50
826.99	981.50
827.31	1007.00
827.63	980.50
827.95	1034.50
828.27	974.00
828.58	956.50
828.90	972.00
829.22	980.00
829.54	1004.50
829.86	933.00
830.17	977.50
830.49	950.00
830.81	961.50
831.13	941.50
831.44	917.50
831.76	926.50
832.08	942.50
832.40	924.00
832.71	918.50
833.03	910.00
833.35	1012.00
833.67	893.00
833.98	915.00
834.30	921.00
834.62	915.00
834.93	952.50
835.25	900.50
835.57	886.50
835.88	944.00
836.20	915.00
836.52	902.50
836.84	963.50
837.15	877.00
837.47	932.50
837.78	937.50
838.10	916.50
838.42	902.00
838.73	918.00
839.05	938.50
839.37	891.50
839.68	879.00
840.00	990.50
840.32	884.00
840.63	876.00
840.95	897.50
841.26	914.00
841.58	866.50
841.90	835.00
842.21	866.00
842.53	873.00
842.84	824.50
843.16	818.50
843.47	818.00
843.79	818.50
844.11	830.50
844.42	812.00
844.74	810.00
845.05	793.00
845.37	818.00
845.68	805.50
846.00	789.50
846.31	876.00
846.63	871.00
846.94	808.00
847.26	768.00
847.57	764.00
847.89	776.50
848.20	749.50
848.52	805.00
848.83	745.00
849.15	717.50
849.46	750.50
849.78	720.00
850.09	690.50
850.41	699.00
850.72	700.00
851.03	730.00
851.35	695.50
851.66	713.50
851.98	707.00
852.29	680.00
852.61	702.50
852.92	674.00
853.23	679.00
853.55	641.50
853.86	633.50
854.18	630.00
854.49	610.50
854.80	636.50
855.12	634.00
855.43	650.00
855.74	621.50
856.06	625.00
856.37	635.50
856.68	625.50
857.00	640.00
857.31	638.00
857.62	639.50
857.94	670.00
858.25	645.50
858.56	671.00
858.88	682.00
859.19	623.00
859.50	645.00
859.82	614.00
860.13	620.00
860.44	612.00
860.75	598.50
861.07	728.50
861.38	611.00
861.69	596.00
862.01	588.00
862.32	610.50
862.63	613.00
862.94	624.00
863.26	617.00
863.57	604.50
863.88	599.00
864.19	583.00
864.50	579.50
864.82	560.00
865.13	607.00
865.44	620.50
865.75	536.00
866.06	552.50
866.38	646.50
866.69	534.50
867.00	555.00
867.31	630.00
867.62	533.00
867.93	539.00
868.25	557.00
868.56	537.00
868.87	531.50
869.18	526.00
869.49	522.00
869.80	574.00
870.11	575.00
870.43	567.00
870.74	561.50
871.05	552.00
871.36	527.50
871.67	570.00
871.98	561.00
872.29	539.00
872.60	508.00
872.91	527.00
873.22	525.50
873.53	515.50
873.85	506.50
874.16	517.50
874.47	529.00
874.78	528.00
875.09	508.50
875.40	519.50
875.71	515.50
876.02	525.50
876.33	509.00
876.64	506.00
876.95	482.00
877.26	490.50
877.57	538.50
877.88	485.00
878.19	511.00
878.50	474.00
878.81	480.50
879.12	466.50
879.43	474.50
879.74	557.50
880.05	467.50
880.36	439.50
880.67	504.00
880.98	452.50
881.28	450.50
881.59	451.50
881.90	434.50
882.21	457.00
882.52	458.50
882.83	449.00
883.14	465.00
883.45	454.00
883.76	456.50
884.07	434.00
884.38	447.00
884.68	447.50
884.99	529.00
885.30	456.00
885.61	464.00
885.92	444.50
886.23	429.50
886.54	499.00
886.84	438.50
887.15	443.00
887.46	473.50
887.77	455.50
888.08	416.00
888.39	464.00
888.69	452.50
889.00	463.00
889.31	423.00
889.62	419.00
889.93	440.50
890.23	429.00
890.54	469.00
890.85	410.50
891.16	416.50
891.46	526.50
891.77	435.00
892.08	396.00
892.39	424.50
892.69	414.00
893.00	520.50
893.31	492.50
893.62	432.00
893.92	407.50
894.23	416.50
894.54	453.50
894.84	380.50
895.15	432.00
895.46	399.00
895.77	375.00
896.07	457.50
896.38	362.50
896.69	389.50
896.99	439.50
897.30	374.50
897.61	354.00
897.91	346.00
898.22	382.50
898.53	348.50
898.83	2107.50
899.14	420.00
899.44	357.00
899.75	349.50
900.06	323.50
900.36	359.50
900.67	370.50
900.97	337.00
901.28	424.00
901.59	335.00
901.89	324.50
902.20	348.50
902.50	340.00
902.81	352.50
903.12	362.00
903.42	392.00
903.73	360.50
904.03	378.50
904.34	385.00
904.64	384.00
904.95	397.50
905.25	376.50
905.56	374.00
905.86	369.00
906.17	370.00
906.47	369.00
906.78	349.50
907.08	346.50
907.39	375.00
907.69	399.00
908.00	345.00
908.30	330.00
908.61	335.50
908.91	340.00
909.22	306.50
909.52	334.50
909.83	329.50
910.13	342.00
910.43	359.00
910.74	344.00
911.04	356.50
911.35	333.50
911.65	342.00
911.96	333.00
912.26	325.50
912.56	326.50
912.87	376.00
913.17	340.50
913.48	319.50
913.78	358.00
914.08	325.00
914.39	332.00
914.69	350.50
914.99	364.50
915.30	291.50
915.60	346.00
915.90	354.50
916.21	363.00
916.51	302.00
916.81	307.50
917.12	301.50
917.42	305.50
917.72	333.50
918.03	371.00
918.33	320.00
918.63	366.50
918.94	320.00
919.24	450.00
919.54	349.50
919.84	325.50
920.15	356.00
920.45	328.50
920.75	403.00
921.05	345.00
921.36	315.00
921.66	359.50
921.96	319.00
922.26	306.00
922.57	316.00
922.87	354.50
923.17	325.00
923.47	292.00
923.77	646.50
924.08	541.50
924.38	312.50
924.68	329.00
924.98	296.50
925.28	280.50
925.59	292.00
925.89	308.50
926.19	286.50
926.49	316.50
926.79	325.00
927.09	287.50
927.40	279.50
927.70	264.50
928.00	286.00
928.30	262.00
928.60	262.50
928.90	255.50
929.20	228.50
929.50	222.00
929.80	248.50
930.11	250.50
930.41	214.50
930.71	211.50
931.01	185.50
931.31	204.00
931.61	226.00
931.91	208.00
932.21	181.50
932.51	165.00
932.81	181.50
933.11	155.50
933.41	149.00
933.71	153.00
934.01	155.00
934.31	133.50
934.61	130.00
934.91	158.50
935.21	144.50
935.51	152.00
935.81	138.50
936.11	126.50
936.41	137.00
936.71	256.00
937.01	168.00
937.31	127.50
937.61	137.00
937.91	136.00
938.21	155.00
938.51	146.50
938.81	164.50
939.11	159.00
939.41	208.50
939.71	213.50
940.01	168.00
940.30	191.50
940.60	215.00
940.90	256.50
941.20	213.50
941.50	215.00
941.80	187.00
942.10	172.50
942.40	183.50
942.70	162.00
942.99	170.00
943.29	137.50
943.59	169.00
943.89	149.50
944.19	159.00
944.49	157.00
944.78	139.50
945.08	151.50
945.38	127.00
945.68	150.50
945.98	137.00
946.28	158.00
946.57	147.00
946.87	120.50
947.17	132.50
947.47	141.50
947.76	154.00
948.06	138.00
948.36	127.50
948.66	148.00
948.96	153.50
949.25	131.50
949.55	142.00
949.85	197.00
950.14	124.00
950.44	125.00
950.74	127.50
951.04	171.00
951.33	150.00
951.63	134.00
951.93	136.00
952.22	122.00
952.52	162.50
952.82	125.00
953.12	159.50
953.41	134.00
953.71	197.00
954.01	135.00
954.30	127.50
954.60	147.00
954.89	125.00
955.19	128.00
955.49	123.50
955.78	120.00
956.08	129.50
956.38	138.00
956.67	249.00
956.97	174.00
957.26	183.50
957.56	154.50
957.86	151.00
958.15	125.00
958.45	125.50
958.74	115.50
959.04	153.50
959.34	131.50
959.63	180.00
959.93	141.00
960.22	117.00
960.52	124.00
960.81	156.00
961.11	176.50
961.40	138.50
961.70	242.00
961.99	124.00
962.29	158.50
962.58	142.50
962.88	134.00
963.17	168.50
963.47	130.50
963.76	196.00
964.06	109.00
964.35	141.50
964.65	155.00
964.94	254.00
965.24	148.00
965.53	129.00
965.83	169.00
966.12	132.00
966.42	132.00
966.71	144.00
967.00	165.50
967.30	124.50
967.59	142.50
967.89	161.50
968.18	123.50
968.47	126.50
968.77	149.50
969.06	135.50
969.36	129.00
969.65	112.00
969.94	114.00
970.24	128.50
970.53	124.50
970.82	129.00
971.12	145.50
971.41	139.50
971.70	139.00
972.00	112.00
972.29	149.50
972.58	108.00
972.88	115.50
973.17	161.00
973.46	142.00
973.76	198.00
974.05	107.50
974.34	119.00
974.64	116.50
974.93	104.00
975.22	112.50
975.51	139.00
975.81	131.00
976.10	128.50
976.39	138.00
976.68	130.00
976.98	128.00
977.27	128.50
977.56	110.00
977.85	126.50
978.14	149.50
978.44	135.50
978.73	96.50
979.02	173.00
979.31	97.50
979.60	148.00
979.90	123.00
980.19	99.00
980.48	101.00
980.77	125.00
981.06	114.00
981.36	114.50
981.65	95.50
981.94	122.00
982.23	128.00
982.52	108.00
982.81	105.50
983.10	92.50
983.39	111.50
983.69	123.00
983.98	105.50
984.27	139.00
984.56	105.00
984.85	126.00
985.14	106.00
985.43	89.50
985.72	100.50
986.01	98.50
986.30	90.50
986.59	90.50
986.89	123.00
987.18	112.50
987.47	103.50
987.76	120.00
988.05	109.00
988.34	99.00
988.63	132.00
988.92	107.50
989.21	96.00
989.50	134.50
989.79	123.50
990.08	94.50
990.37	124.50
990.66	131.50
990.95	113.50
991.24	107.00
991.53	98.00
991.82	112.50
992.11	119.50
992.40	101.00
992.68	103.50
992.97	82.00
993.26	124.00
993.55	125.50
993.84	91.00
994.13	112.50
994.42	126.50
994.71	85.50
995.00	110.00
995.29	89.50
995.58	96.00
995.86	79.50
996.15	87.50
996.44	101.00
996.73	90.50
997.02	85.50
997.31	76.50
997.60	127.00
997.89	122.50
998.17	113.00
998.46	191.50
998.75	83.50
999.04	85.50
999.33	95.50
999.61	80.00
999.90	82.50
1000.19	78.00
1000.48	114.00
1000.77	191.00
1001.05	106.50
1001.34	149.00
1001.63	105.00
1001.92	100.00
1002.21	106.50
1002.49	99.00
1002.78	96.50
1003.07	99.50
1003.36	80.00
1003.64	71.00
1003.93	105.50
1004.22	119.50
1004.50	119.00
1004.79	95.50
1005.08	85.00
1005.37	79.50
1005.65	69.00
1005.94	87.50
1006.23	99.50
1006.51	111.50
1006.80	64.50
1007.09	87.00
1007.37	75.50
1007.66	111.50
1007.95	136.50
1008.23	119.50
1008.52	102.00
1008.81	92.00
1009.09	93.50
1009.38	78.00
1009.66	164.00
1009.95	101.50
1010.24	78.50
1010.52	92.50
1010.81	63.00
1011.10	72.50
1011.38	72.00
1011.67	110.50
1011.95	76.50
1012.24	59.50
1012.52	98.50
1012.81	83.00
1013.10	78.00
1013.38	82.50
1013.67	106.50
1013.95	98.00
1014.24	92.00
1014.52	71.00
1014.81	102.50
1015.09	105.00
1015.38	117.50
1015.66	63.50
1015.95	73.00
1016.23	80.50
1016.52	102.50
1016.80	65.50
1017.09	67.50
1017.37	69.50
1017.66	83.50
1017.94	102.50
1018.23	97.50
1018.51	68.00
1018.79	90.50
1019.08	67.00
1019.36	80.00
1019.65	57.50
1019.93	59.50
1020.22	73.00
1020.50	65.50
1020.78	122.50
1021.07	96.00
1021.35	149.50
1021.64	82.50
1021.92	66.00
1022.20	89.00
1022.49	65.00
1022.77	68.00
1023.05	78.00
1023.34	60.50
1023.62	69.50
1023.90	76.50
1024.19	76.50
1024.47	85.00
1024.75	75.00
1025.04	98.50
1025.32	100.00
1025.60	62.00
