339.59	0.00
339.97	41.00
340.35	39.50
340.73	35.00
341.12	41.50
341.50	110.50
341.88	73.00
342.26	71.50
342.65	81.00
343.03	52.50
343.41	66.50
343.79	65.50
344.17	46.00
344.55	217.50
344.94	93.50
345.32	64.50
345.70	70.50
346.08	73.50
346.46	62.00
346.84	76.50
347.23	77.50
347.61	84.50
347.99	44.50
348.37	182.50
348.75	73.50
349.13	69.00
349.51	70.50
349.90	76.00
350.28	54.00
350.66	56.00
351.04	82.50
351.42	89.50
351.80	64.00
352.18	51.50
352.56	49.50
352.94	45.00
353.32	67.50
353.71	47.50
354.09	71.00
354.47	81.50
354.85	83.50
355.23	62.00
355.61	44.50
355.99	68.50
356.37	60.00
356.75	128.00
357.13	69.50
357.51	68.50
357.89	92.50
358.27	67.00
358.65	89.50
359.03	69.50
359.41	52.50
359.79	59.50
360.17	83.00
360.55	98.00
360.93	61.00
361.31	115.00
361.69	67.50
362.07	53.50
362.45	79.50
362.83	117.50
363.21	126.00
363.59	98.50
363.97	169.00
364.35	60.00
364.73	86.00
365.11	104.50
365.49	61.00
365.87	51.00
366.25	59.50
366.63	95.50
367.01	65.00
367.39	73.00
367.77	193.00
368.14	59.00
368.52	58.00
368.90	77.00
369.28	50.50
369.66	106.50
370.04	76.00
370.42	63.00
370.80	71.50
371.18	66.50
371.56	73.50
371.93	65.50
372.31	88.50
372.69	54.50
373.07	63.00
373.45	67.00
373.83	50.00
374.21	75.00
374.58	85.50
374.96	90.00
375.34	93.50
375.72	65.00
376.10	54.50
376.48	71.50
376.85	53.00
377.23	61.00
377.61	78.50
377.99	58.00
378.37	89.00
378.75	102.50
379.12	72.50
379.50	67.00
379.88	78.00
380.26	62.50
380.63	71.00
381.01	155.50
381.39	90.50
381.77	85.00
382.15	80.00
382.52	82.00
382.90	68.50
383.28	92.50
383.66	69.50
384.03	88.00
384.41	102.50
384.79	113.00
385.17	123.50
385.54	96.00
385.92	86.50
386.30	117.50
386.67	104.00
387.05	118.50
387.43	124.50
387.81	125.50
388.18	143.00
388.56	129.50
388.94	118.50
389.31	121.00
389.69	217.00
390.07	162.00
390.44	153.00
390.82	163.00
391.20	190.50
391.57	183.00
391.95	238.50
392.33	170.50
392.70	173.00
393.08	152.50
393.46	182.50
393.83	186.50
394.21	181.00
394.58	171.00
394.96	201.00
395.34	187.00
395.71	254.00
396.09	199.50
396.47	192.00
396.84	202.50
397.22	222.00
397.59	282.00
397.97	269.00
398.35	297.50
398.72	310.50
399.10	328.50
399.47	351.00
399.85	345.00
400.22	397.00
400.60	367.00
400.97	424.50
401.35	431.50
401.73	448.50
402.10	415.00
402.48	431.50
402.85	406.00
403.23	418.00
403.60	433.50
403.98	420.00
404.35	474.00
404.73	445.50
405.10	451.50
405.48	455.50
405.85	472.50
406.23	483.00
406.60	492.50
406.98	498.00
407.35	508.00
407.73	547.50
408.10	583.50
408.48	570.50
408.85	569.50
409.23	551.00
409.60	582.50
409.98	585.50
410.35	615.50
410.72	602.50
411.10	635.50
411.47	680.00
411.85	694.50
412.22	682.00
412.60	703.50
412.97	704.00
413.34	708.50
413.72	688.50
414.09	707.00
414.47	697.50
414.84	702.00
415.21	729.00
415.59	722.00
415.96	715.00
416.34	750.50
416.71	730.00
417.08	739.50
417.46	732.00
417.83	724.00
418.20	759.00
418.58	805.00
418.95	764.00
419.32	728.00
419.70	765.50
420.07	837.00
420.44	774.00
420.82	818.50
421.19	792.00
421.56	862.50
421.94	805.50
422.31	823.50
422.68	779.00
423.06	786.00
423.43	776.50
423.80	819.00
424.18	857.00
424.55	805.00
424.92	835.50
425.29	866.50
425.67	839.00
426.04	839.50
426.41	845.00
426.78	819.50
427.16	836.50
427.53	832.50
427.90	827.50
428.27	834.00
428.65	923.50
429.02	822.50
429.39	792.50
429.76	781.00
430.14	781.00
430.51	910.00
430.88	842.00
431.25	868.00
431.62	884.50
432.00	920.00
432.37	959.50
432.74	1071.00
433.11	1004.00
433.48	986.50
433.86	1008.00
434.23	1033.50
434.60	1038.00
434.97	1059.00
435.34	1069.00
435.71	1106.00
436.09	1170.50
436.46	1114.50
436.83	1198.50
437.20	1144.50
437.57	1140.00
437.94	1184.00
438.31	1124.50
438.68	1118.50
439.06	1195.00
439.43	1168.00
439.80	1195.50
440.17	1196.00
440.54	1241.50
440.91	1248.00
441.28	1259.00
441.65	1225.50
442.02	1259.00
442.39	1309.50
442.77	1282.00
443.14	1292.00
443.51	1313.50
443.88	1314.50
444.25	1247.00
444.62	1307.00
444.99	1289.00
445.36	1298.50
445.73	1288.00
446.10	1301.00
446.47	1282.50
446.84	1304.50
447.21	1297.00
447.58	1335.00
447.95	1323.00
448.32	1323.00
448.69	1363.00
449.06	1367.00
449.43	1414.50
449.80	1380.50
450.17	1506.00
450.54	1380.00
450.91	1368.50
451.28	1403.50
451.65	1364.50
452.02	1354.00
452.39	1347.00
452.76	1343.50
453.13	1342.50
453.50	1321.00
453.87	1376.50
454.24	1346.50
454.61	1349.50
454.98	1360.50
455.35	1497.50
455.71	1362.00
456.08	1381.50
456.45	1442.50
456.82	1396.50
457.19	1435.00
457.56	1422.50
457.93	1425.00
458.30	1409.00
458.67	1387.00
459.04	1486.00
459.40	1427.00
459.77	1480.00
460.14	1427.00
460.51	1464.00
460.88	1422.00
461.25	1476.50
461.62	1508.50
461.98	1512.00
462.35	1458.00
462.72	1494.00
463.09	1475.00
463.46	1486.50
463.83	1478.50
464.19	1470.50
464.56	1463.50
464.93	1521.00
465.30	1607.50
465.67	1474.50
466.03	1469.00
466.40	1459.50
466.77	1442.00
467.14	1502.50
467.51	1471.50
467.87	1491.00
468.24	1464.00
468.61	1444.00
468.98	1451.00
469.35	1489.50
469.71	1483.50
470.08	1524.50
470.45	1583.50
470.82	1447.50
471.18	1468.50
471.55	1459.50
471.92	1473.50
472.28	1481.00
472.65	1579.50
473.02	1553.00
473.39	1459.00
473.75	1475.00
474.12	1480.50
474.49	1504.50
474.85	1459.00
475.22	1530.50
475.59	1513.50
475.95	1471.00
476.32	1557.50
476.69	1450.50
477.05	1449.50
477.42	1472.50
477.79	1494.50
478.15	1589.50
478.52	1452.00
478.89	1623.00
479.25	1496.50
479.62	1505.00
479.99	1507.50
480.35	1532.00
480.72	1504.50
481.09	1486.50
481.45	1508.50
481.82	1531.00
482.18	1487.00
482.55	1601.50
482.92	1636.00
483.28	1503.00
483.65	1481.00
484.01	1467.50
484.38	1462.00
484.75	1455.00
485.11	1409.00
485.48	1370.00
485.84	1406.00
486.21	1392.50
486.57	1361.50
486.94	1351.50
487.30	1362.00
487.67	1400.50
488.04	1446.50
488.40	1474.50
488.77	1509.50
489.13	1522.50
489.50	1536.50
489.86	1492.50
490.23	1512.00
490.59	1491.50
490.96	1516.00
491.32	1506.50
491.69	1502.50
492.05	1509.50
492.42	1499.00
492.78	1536.00
493.15	1532.00
493.51	1582.50
493.88	1529.00
494.24	1517.50
494.60	1536.50
494.97	1560.00
495.33	1530.50
495.70	1521.50
496.06	1557.00
496.43	1565.00
496.79	1530.50
497.16	1552.00
497.52	1524.50
497.88	1512.50
498.25	1486.00
498.61	1489.00
498.98	1466.00
499.34	1469.50
499.70	1477.00
500.07	1469.00
500.43	1449.00
500.80	1442.50
501.16	1410.00
501.52	1435.50
501.89	1411.50
502.25	1420.50
502.61	1387.50
502.98	1426.50
503.34	1392.00
503.70	1387.50
504.07	1435.50
504.43	1408.00
504.79	1420.00
505.16	1392.50
505.52	1374.50
505.88	1412.50
506.25	1423.00
506.61	1378.50
506.97	1449.50
507.34	1715.00
507.70	1364.00
508.06	1327.00
508.43	1350.00
508.79	1341.00
509.15	1333.50
509.51	1312.00
509.88	1319.50
510.24	1416.50
510.60	1328.50
510.96	1276.00
511.33	1305.00
511.69	1283.00
512.05	1253.00
512.41	1242.50
512.78	1224.00
513.14	1232.00
513.50	1229.00
513.86	1177.50
514.23	1184.50
514.59	1165.50
514.95	1183.50
515.31	1141.50
515.67	1125.00
516.04	1110.50
516.40	1094.00
516.76	1061.00
517.12	1069.50
517.48	1066.50
517.85	1230.00
518.21	1081.50
518.57	1054.50
518.93	1076.50
519.29	1129.50
519.65	1105.50
520.01	1092.00
520.38	1138.00
520.74	1079.00
521.10	1080.50
521.46	1091.50
521.82	1099.00
522.18	1094.50
522.54	1081.50
522.90	1083.00
523.27	1093.50
523.63	1096.50
523.99	1113.50
524.35	1119.00
524.71	1074.00
525.07	1108.00
525.43	1064.00
525.79	1037.00
526.15	1025.50
526.51	1044.00
526.87	1048.50
527.23	1044.00
527.60	1013.50
527.96	1059.00
528.32	1040.50
528.68	1080.50
529.04	1081.00
529.40	1067.00
529.76	1103.00
530.12	1080.00
530.48	1089.50
530.84	1126.50
531.20	1076.50
531.56	1099.50
531.92	1093.00
532.28	1051.00
532.64	1047.50
533.00	1066.50
533.36	1060.50
533.72	1061.50
534.08	1067.00
534.44	1119.50
534.80	1075.00
535.16	1083.00
535.52	1068.50
535.87	1073.50
536.23	1155.50
536.59	1099.00
536.95	1122.00
537.31	1098.50
537.67	1087.00
538.03	1082.00
538.39	1076.00
538.75	1072.00
539.11	1109.00
539.47	1083.00
539.83	1054.50
540.19	1060.00
540.54	1050.50
540.90	1047.50
541.26	1096.00
541.62	1046.00
541.98	1041.00
542.34	1035.50
542.70	1053.00
543.06	1137.00
543.41	1102.00
543.77	1073.50
544.13	1085.50
544.49	1061.00
544.85	1051.50
545.21	1064.00
545.56	1072.50
545.92	1097.50
546.28	1079.50
546.64	1033.00
547.00	1049.50
547.35	1087.00
547.71	1030.00
548.07	1054.00
548.43	1015.00
548.79	1028.50
549.14	1027.50
549.50	1050.00
549.86	1048.50
550.22	1019.00
550.58	1048.50
550.93	1029.00
551.29	1055.50
551.65	1001.50
552.01	1041.00
552.36	1025.50
552.72	1008.00
553.08	1015.00
553.43	1082.00
553.79	986.50
554.15	965.00
554.51	1005.50
554.86	1008.00
555.22	953.50
555.58	983.00
555.93	981.00
556.29	1190.50
556.65	1028.50
557.01	1012.00
557.36	952.50
557.72	925.50
558.08	896.00
558.43	929.00
558.79	908.50
559.15	929.50
559.50	943.50
559.86	916.50
560.21	888.50
560.57	900.00
560.93	898.00
561.28	920.00
561.64	960.00
562.00	898.50
562.35	916.50
562.71	927.00
563.06	1014.50
563.42	914.50
563.78	916.50
564.13	901.00
564.49	917.00
564.84	905.00
565.20	892.00
565.56	865.50
565.91	898.00
566.27	871.00
566.62	893.00
566.98	874.00
567.33	883.50
567.69	1051.50
568.04	927.00
568.40	982.00
568.75	880.00
569.11	887.50
569.47	933.50
569.82	891.00
570.18	867.00
570.53	893.00
570.89	863.00
571.24	874.50
571.60	886.50
571.95	907.50
572.31	918.00
572.66	897.00
573.02	903.50
573.37	948.50
573.72	912.00
574.08	902.50
574.43	920.00
574.79	914.50
575.14	929.00
575.50	942.50
575.85	923.50
576.21	939.00
576.56	1002.50
576.91	945.50
577.27	955.00
577.62	967.00
577.98	953.00
578.33	989.00
578.69	1031.00
579.04	999.00
579.39	1039.50
579.75	1082.50
580.10	1043.00
580.45	1070.00
580.81	1078.00
581.16	1093.50
581.52	1122.00
581.87	1106.00
582.22	1142.50
582.58	1134.50
582.93	1155.00
583.28	1161.00
583.64	1167.50
583.99	1205.00
584.34	1205.00
584.70	1210.50
585.05	1208.50
585.40	1251.50
585.76	1260.50
586.11	1257.00
586.46	1254.00
586.82	1297.50
587.17	1295.50
587.52	1305.50
587.87	1301.00
588.23	1327.50
588.58	1304.50
588.93	1291.50
589.29	1307.00
589.64	1316.50
589.99	1339.00
590.34	1384.00
590.70	1420.50
591.05	1405.50
591.40	1460.00
591.75	1476.50
592.10	1506.00
592.46	1512.50
592.81	1538.00
593.16	1557.00
593.51	1586.00
593.87	1584.50
594.22	1694.50
594.57	1608.50
594.92	1692.00
595.27	1648.00
595.63	1678.00
595.98	1698.00
596.33	1679.50
596.68	1720.50
597.03	1746.50
597.38	1763.50
597.74	1749.00
598.09	1784.50
598.44	1797.50
598.79	1852.00
599.14	1803.00
599.49	1845.00
599.84	1843.50
600.19	1853.00
600.55	1876.00
600.90	1873.00
601.25	1946.50
601.60	1970.00
601.95	1942.00
602.30	1915.50
602.65	1945.00
603.00	1951.00
603.35	1996.00
603.70	1983.00
604.06	2007.50
604.41	2052.50
604.76	2043.50
605.11	2043.00
605.46	2078.00
605.81	2104.00
606.16	2076.00
606.51	2280.00
606.86	2079.00
607.21	2086.00
607.56	2107.50
607.91	2075.00
608.26	2109.00
608.61	2122.00
608.96	2092.00
609.31	2102.00
609.66	2080.00
610.01	2128.00
610.36	2174.00
610.71	2104.00
611.06	2131.50
611.41	2111.00
611.76	2102.00
612.11	2126.50
612.46	2131.00
612.81	2137.00
613.16	2137.50
613.51	2113.50
613.86	2089.50
614.21	2104.50
614.56	2113.00
614.90	2092.50
615.25	2069.50
615.60	2075.00
615.95	2127.00
616.30	2077.50
616.65	2047.50
617.00	2056.00
617.35	2074.00
617.70	2068.50
618.05	2098.50
618.39	2073.50
618.74	2115.00
619.09	2105.00
619.44	2113.00
619.79	2101.50
620.14	2107.50
620.49	2136.50
620.84	2117.50
621.18	2117.50
621.53	2091.00
621.88	2077.00
622.23	2063.50
622.58	2070.50
622.93	2071.50
623.27	2079.00
623.62	2061.00
623.97	2053.00
624.32	2042.00
624.67	2072.00
625.01	2020.00
625.36	2025.00
625.71	2005.50
626.06	2018.50
626.40	2004.50
626.75	2047.00
627.10	2061.50
627.45	2017.50
627.80	1994.00
628.14	1995.50
628.49	1993.50
628.84	1989.00
629.18	2045.50
629.53	1951.00
629.88	1987.00
630.23	2037.50
630.57	1970.50
630.92	2005.00
631.27	2012.00
631.62	2094.50
631.96	2016.00
632.31	2017.00
632.66	2050.50
633.00	2147.00
633.35	2051.00
633.70	2140.00
634.04	2079.00
634.39	2167.00
634.74	2124.50
635.08	2060.50
635.43	2200.00
635.78	2103.00
636.12	2070.50
636.47	2073.50
636.82	2135.50
637.16	2067.00
637.51	2099.00
637.85	2127.50
638.20	2067.00
638.55	2077.50
638.89	2046.50
639.24	2087.00
639.58	2034.00
639.93	1998.50
640.28	2133.00
640.62	1985.50
640.97	1983.00
641.31	1996.00
641.66	1966.50
642.00	1948.00
642.35	1950.00
642.70	1958.50
643.04	1939.50
643.39	1898.50
643.73	1895.50
644.08	1870.50
644.42	1860.50
644.77	1851.50
645.11	1827.00
645.46	1838.00
645.80	1789.50
646.15	1739.50
646.49	1755.50
646.84	1724.50
647.18	1784.50
647.53	1810.50
647.87	1693.00
648.22	1669.00
648.56	1709.00
648.91	1630.00
649.25	1614.00
649.60	1622.00
649.94	1605.00
650.29	1593.50
650.63	1581.00
650.97	1604.50
651.32	1609.00
651.66	1574.00
652.01	1570.50
652.35	1552.00
652.70	1552.00
653.04	1525.00
653.38	1509.00
653.73	1498.00
654.07	1513.00
654.42	1485.50
654.76	1440.50
655.10	1405.50
655.45	1438.00
655.79	1315.00
656.13	1310.50
656.48	1321.00
656.82	1272.00
657.17	1314.50
657.51	1300.50
657.85	1307.50
658.20	1303.50
658.54	1389.50
658.88	1274.50
659.23	1309.00
659.57	1296.50
659.91	1259.00
660.25	1238.50
660.60	1241.00
660.94	1205.50
661.28	1208.00
661.63	1204.00
661.97	1168.50
662.31	1160.00
662.66	1137.50
663.00	1149.00
663.34	1091.50
663.68	1103.50
664.03	1065.50
664.37	1062.00
664.71	1042.00
665.05	1014.00
665.40	993.50
665.74	1024.50
666.08	985.00
666.42	976.50
666.77	930.00
667.11	960.50
667.45	955.00
667.79	935.50
668.13	928.50
668.48	872.00
668.82	928.50
669.16	851.50
669.50	851.00
669.84	839.50
670.18	833.50
670.53	834.00
670.87	811.50
671.21	854.00
671.55	800.50
671.89	804.00
672.23	774.50
672.58	809.00
672.92	778.00
673.26	759.00
673.60	780.50
673.94	745.00
674.28	798.50
674.62	731.00
674.96	734.00
675.31	736.50
675.65	731.50
675.99	749.50
676.33	710.00
676.67	711.50
677.01	739.00
677.35	713.00
677.69	720.50
678.03	710.00
678.37	721.50
678.71	711.50
679.05	685.50
679.39	731.00
679.73	674.50
680.07	717.50
680.41	688.00
680.75	738.50
681.10	708.50
681.44	692.00
681.78	676.00
682.12	685.50
682.46	717.00
682.80	713.00
683.14	758.00
683.48	703.00
683.82	705.00
684.15	728.50
684.49	767.50
684.83	742.00
685.17	797.00
685.51	735.50
685.85	733.00
686.19	702.50
686.53	714.00
686.87	738.00
687.21	749.00
687.55	692.00
687.89	726.50
688.23	713.00
688.57	749.00
688.91	752.00
689.25	808.50
689.58	836.00
689.92	894.00
690.26	898.50
690.60	955.50
690.94	1011.00
691.28	1028.50
691.62	1082.00
691.96	1123.50
692.30	1180.50
692.63	1229.50
692.97	1245.50
693.31	1338.50
693.65	1436.00
693.99	1405.00
694.33	1387.50
694.66	1471.00
695.00	1481.50
695.34	1579.00
695.68	1575.50
696.02	1609.50
696.35	1648.00
696.69	1726.00
697.03	1778.50
697.37	1779.50
697.71	1826.50
698.04	1889.00
698.38	1909.50
698.72	1924.50
699.06	1977.00
699.40	1986.00
699.73	2025.50
700.07	2073.50
700.41	2090.00
700.75	2163.50
701.08	2150.00
701.42	2175.00
701.76	2182.00
702.09	2232.00
702.43	2265.00
702.77	2304.50
703.11	2366.50
703.44	2392.00
703.78	2437.00
704.12	2478.00
704.45	2542.50
704.79	2679.50
705.13	2570.00
705.46	2620.00
705.80	2642.00
706.14	2692.50
706.47	2701.00
706.81	2734.50
707.15	2747.00
707.48	2737.00
707.82	2807.50
708.16	2890.00
708.49	2857.50
708.83	2915.50
709.16	2932.50
709.50	2915.50
709.84	2962.00
710.17	2951.00
710.51	3067.50
710.85	2993.00
711.18	3040.50
711.52	3038.00
711.85	3068.50
712.19	3099.00
712.52	3096.50
712.86	3127.00
713.20	3144.00
713.53	3147.50
713.87	3128.00
714.20	3183.00
714.54	3231.00
714.87	3185.50
715.21	3172.00
715.54	3151.50
715.88	3153.50
716.21	3087.50
716.55	3066.00
716.88	3025.50
717.22	2980.00
717.55	2919.00
717.89	2871.00
718.22	2831.00
718.56	2801.50
718.89	2749.50
719.23	2757.50
719.56	2780.50
719.90	2812.00
720.23	2866.50
720.57	2886.00
720.90	2980.00
721.24	3089.50
721.57	3123.00
721.90	3116.50
722.24	3116.50
722.57	3141.50
722.91	3099.00
723.24	3105.50
723.58	3149.00
723.91	3057.00
724.24	3051.00
724.58	3057.00
724.91	3018.50
725.25	3001.50
725.58	3073.50
725.91	3016.50
726.25	3029.50
726.58	3061.50
726.91	3037.00
727.25	3098.00
727.58	3072.50
727.91	3059.50
728.25	3058.00
728.58	3064.50
728.91	3049.00
729.25	3151.00
729.58	3050.50
729.91	3085.50
730.25	3057.50
730.58	3149.50
730.91	3105.50
731.25	3111.00
731.58	3132.50
731.91	3206.00
732.25	3172.00
732.58	3223.00
732.91	3212.50
733.24	3239.50
733.58	3255.00
733.91	3279.50
734.24	3277.50
734.57	3269.00
734.91	3310.00
735.24	3204.50
735.57	3264.50
735.90	3227.00
736.24	3231.50
736.57	3208.50
736.90	3200.50
737.23	3185.50
737.56	3203.00
737.90	3178.00
738.23	3200.00
738.56	3142.00
738.89	3191.50
739.22	3126.50
739.56	3144.50
739.89	3125.50
740.22	3122.50
740.55	3075.00
740.88	3081.50
741.21	3112.00
741.55	3052.50
741.88	3083.50
742.21	3096.00
742.54	3063.00
742.87	3057.50
743.20	3034.00
743.53	3034.50
743.86	3011.50
744.20	2991.50
744.53	3014.50
744.86	2994.00
745.19	3005.00
745.52	3000.50
745.85	2965.50
746.18	3039.50
746.51	2992.00
746.84	2998.00
747.17	2900.50
747.50	2907.00
747.83	2872.50
748.16	2935.50
748.49	2850.00
748.83	2889.00
749.16	2831.50
749.49	2836.00
749.82	2806.00
750.15	2755.00
750.48	2760.00
750.81	2718.50
751.14	2725.50
751.47	2709.00
751.80	2732.00
752.13	2719.50
752.46	2667.00
752.79	2734.00
753.12	2690.50
753.45	2655.50
753.78	2665.00
754.10	2624.00
754.43	2644.50
754.76	2647.00
755.09	2581.00
755.42	2589.50
755.75	2607.50
756.08	2562.00
756.41	2507.00
756.74	2522.50
757.07	2482.00
757.40	2462.00
757.73	2464.00
758.06	2424.00
758.38	2313.50
758.71	2067.50
759.04	1897.50
759.37	1648.50
759.70	1383.00
760.03	1186.50
760.36	992.00
760.69	859.50
761.01	813.00
761.34	759.50
761.67	728.50
762.00	744.50
762.33	748.00
762.66	739.00
762.98	775.50
763.31	775.00
763.64	800.00
763.97	860.50
764.30	905.50
764.63	1020.50
764.95	1057.00
765.28	1157.50
765.61	1264.00
765.94	1340.00
766.26	1472.00
766.59	1553.50
766.92	1672.00
767.25	1773.50
767.58	1806.00
767.90	1857.00
768.23	1987.50
768.56	1974.00
768.89	2035.00
769.21	2002.50
769.54	2053.00
769.87	2059.00
770.19	2080.00
770.52	2129.50
770.85	2095.00
771.18	2101.50
771.50	2153.50
771.83	2061.00
772.16	2063.00
772.48	2085.00
772.81	2098.50
773.14	2087.50
773.46	2126.00
773.79	2187.50
774.12	2037.50
774.44	2042.00
774.77	2025.00
775.10	2027.00
775.42	2056.00
775.75	2064.50
776.07	2020.50
776.40	2099.00
776.73	2005.00
777.05	2025.00
777.38	1995.50
777.71	2013.00
778.03	2012.50
778.36	1966.50
778.68	1979.00
779.01	1952.00
779.33	1947.50
779.66	1938.00
779.99	1930.50
780.31	1907.00
780.64	1920.50
780.96	1928.00
781.29	1918.50
781.61	1935.00
781.94	1920.50
782.26	1866.50
782.59	1964.50
782.91	1854.00
783.24	1843.50
783.56	1841.50
783.89	1852.00
784.22	1859.00
784.54	1827.50
784.86	1852.50
785.19	1843.50
785.51	1818.50
785.84	1802.00
786.16	1828.00
786.49	1807.50
786.81	1772.00
787.14	1812.50
787.46	1771.50
787.79	1792.00
788.11	1780.00
788.44	1768.00
788.76	1931.00
789.08	1750.50
789.41	1734.00
789.73	1874.50
790.06	1758.00
790.38	1775.00
790.70	1706.00
791.03	1792.00
791.35	1741.50
791.68	1717.00
792.00	1731.00
792.32	1705.00
792.65	1708.00
792.97	1710.00
793.30	1726.00
793.62	1714.00
793.94	1704.00
794.27	1710.50
794.59	1710.00
794.91	1724.00
795.24	1727.50
795.56	1746.00
795.88	1759.50
796.21	1719.00
796.53	1725.50
796.85	1729.50
797.17	1760.50
797.50	1801.00
797.82	1784.00
798.14	1779.00
798.47	1763.00
798.79	1769.00
799.11	1755.50
799.43	1760.00
799.76	1779.00
800.08	1781.00
800.40	1744.50
800.72	1729.00
801.05	1734.00
801.37	1732.50
801.69	1716.00
802.01	1737.00
802.34	1721.00
802.66	1719.00
802.98	1716.00
803.30	1722.00
803.62	1719.50
803.95	1712.00
804.27	1721.50
804.59	1735.50
804.91	1710.00
805.23	1720.00
805.56	1719.50
805.88	1731.50
806.20	1730.00
806.52	1731.00
806.84	1723.50
807.16	1931.50
807.48	1703.50
807.81	1703.00
808.13	1697.50
808.45	1738.00
808.77	1674.50
809.09	1659.50
809.41	1691.00
809.73	1629.00
810.05	1632.50
810.37	1805.00
810.70	1666.00
811.02	1681.00
811.34	1595.50
811.66	1661.50
811.98	1587.00
812.30	1554.00
812.62	1590.00
812.94	1547.00
813.26	1497.50
813.58	1483.50
813.90	1507.50
814.22	1445.00
814.54	1430.00
814.86	1487.50
815.18	1403.50
815.50	1344.50
815.82	1331.50
816.14	1318.00
816.46	1325.50
816.78	1310.00
817.10	1270.00
817.42	1272.00
817.74	1287.00
818.06	1331.50
818.38	1269.00
818.70	1265.50
819.02	1267.00
819.34	1253.00
819.66	1286.00
819.98	1315.50
820.30	1302.50
820.62	1302.00
820.94	1340.00
821.26	1305.50
821.58	1296.00
821.89	1286.50
822.21	1223.50
822.53	1328.00
822.85	1217.00
823.17	1192.00
823.49	1245.50
823.81	1215.00
824.13	1205.00
824.45	1228.50
824.76	1237.00
825.08	1248.00
825.40	1251.00
825.72	1279.00
826.04	1255.00
826.36	1257.00
826.68	1283.00
826.99	1228.00
827.31	1239.50
827.63	1199.00
827.95	1248.00
828.27	1181.50
828.58	1175.00
828.90	1187.00
829.22	1179.50
829.54	1206.50
829.86	1150.00
830.17	1200.00
830.49	1147.50
830.81	1166.00
831.13	1150.00
831.44	1119.00
831.76	1131.00
832.08	1128.00
832.40	1122.00
832.71	1134.50
833.03	1103.00
833.35	1216.00
833.67	1111.00
833.98	1128.50
834.30	1108.00
834.62	1123.00
834.93	1135.00
835.25	1100.50
835.57	1105.00
835.88	1144.50
836.20	1112.50
836.52	1101.00
836.84	1150.00
837.15	1077.50
837.47	1137.50
837.78	1132.00
838.10	1138.50
838.42	1110.00
838.73	1106.50
839.05	1147.50
839.37	1087.50
839.68	1090.00
840.00	1174.00
840.32	1070.00
840.63	1076.00
840.95	1096.50
841.26	1093.50
841.58	1064.50
841.90	1011.50
842.21	1057.50
842.53	1062.50
842.84	1002.50
843.16	1007.00
843.47	1011.00
843.79	974.00
844.11	1005.00
844.42	997.50
844.74	1006.50
845.05	992.50
845.37	982.00
845.68	980.50
846.00	968.50
846.31	1052.50
846.63	1051.50
846.94	989.50
847.26	955.00
847.57	937.00
847.89	948.00
848.20	921.00
848.52	976.00
848.83	898.00
849.15	897.50
849.46	905.50
849.78	879.50
850.09	841.50
850.41	863.00
850.72	868.50
851.03	892.00
851.35	869.00
851.66	878.50
851.98	876.50
852.29	845.00
852.61	853.50
852.92	827.50
853.23	832.00
853.55	785.50
853.86	771.00
854.18	769.50
854.49	757.50
854.80	784.00
855.12	792.50
855.43	788.50
855.74	770.00
856.06	768.50
856.37	785.00
856.68	768.00
857.00	799.00
857.31	782.00
857.62	783.00
857.94	816.00
858.25	795.50
858.56	820.50
858.88	825.00
859.19	771.50
859.50	788.50
859.82	754.00
860.13	748.50
860.44	766.00
860.75	745.00
861.07	870.00
861.38	762.50
861.69	746.00
862.01	742.50
862.32	758.00
862.63	760.00
862.94	769.50
863.26	758.00
863.57	734.00
863.88	735.50
864.19	730.50
864.50	723.00
864.82	700.50
865.13	738.50
865.44	756.50
865.75	658.00
866.06	668.50
866.38	779.50
866.69	655.00
867.00	688.00
867.31	761.00
867.62	658.50
867.93	666.50
868.25	668.50
868.56	654.00
868.87	645.00
869.18	642.00
869.49	656.00
869.80	701.00
870.11	691.50
870.43	700.00
870.74	689.00
871.05	674.50
871.36	657.00
871.67	691.00
871.98	701.00
872.29	652.50
872.60	633.00
872.91	655.00
873.22	656.50
873.53	644.50
873.85	625.50
874.16	631.50
874.47	642.50
874.78	633.00
875.09	623.00
875.40	638.50
875.71	625.00
876.02	638.50
876.33	620.50
876.64	619.00
876.95	585.00
877.26	596.00
877.57	648.00
877.88	599.50
878.19	612.50
878.50	584.00
878.81	598.00
879.12	569.50
879.43	576.00
879.74	661.50
880.05	571.50
880.36	550.50
880.67	611.00
880.98	555.00
881.28	550.50
881.59	559.50
881.90	544.50
882.21	562.00
882.52	554.50
882.83	554.00
883.14	574.00
883.45	563.00
883.76	548.00
884.07	538.50
884.38	542.00
884.68	550.50
884.99	632.50
885.30	550.50
885.61	565.00
885.92	540.00
886.23	530.00
886.54	604.50
886.84	535.00
887.15	537.50
887.46	566.00
887.77	540.50
888.08	514.50
888.39	571.50
888.69	539.50
889.00	566.50
889.31	532.00
889.62	520.00
889.93	539.50
890.23	517.00
890.54	567.50
890.85	508.50
891.16	512.50
891.46	632.50
891.77	516.00
892.08	496.00
892.39	521.00
892.69	505.00
893.00	624.00
893.31	582.00
893.62	518.00
893.92	490.00
894.23	504.00
894.54	551.00
894.84	481.50
895.15	527.00
895.46	482.00
895.77	470.00
896.07	542.50
896.38	456.00
896.69	473.00
896.99	509.00
897.30	452.00
897.61	448.50
897.91	426.00
898.22	460.00
898.53	423.50
898.83	2183.50
899.14	497.50
899.44	431.50
899.75	429.00
900.06	406.50
900.36	441.00
900.67	440.00
900.97	417.50
901.28	493.50
901.59	409.00
901.89	391.00
902.20	426.00
902.50	425.50
902.81	423.50
903.12	437.50
903.42	471.00
903.73	439.50
904.03	471.50
904.34	479.00
904.64	477.00
904.95	490.00
905.25	467.50
905.56	464.00
905.86	445.50
906.17	441.00
906.47	447.50
906.78	428.50
907.08	422.50
907.39	443.00
907.69	483.50
908.00	416.00
908.30	403.50
908.61	408.00
908.91	403.50
909.22	382.00
909.52	414.50
909.83	401.00
910.13	413.50
910.43	427.00
910.74	423.00
911.04	437.00
911.35	411.50
911.65	418.00
911.96	409.00
912.26	398.50
912.56	397.50
912.87	455.50
913.17	413.50
913.48	389.50
913.78	430.50
914.08	393.50
914.39	396.00
914.69	414.00
914.99	440.50
915.30	369.00
915.60	423.50
915.90	417.00
916.21	427.50
916.51	371.00
916.81	381.00
917.12	374.00
917.42	371.00
917.72	418.00
918.03	435.50
918.33	378.00
918.63	430.50
918.94	386.50
919.24	530.00
919.54	421.00
919.84	397.50
920.15	420.50
920.45	405.50
920.75	474.00
921.05	418.00
921.36	393.50
921.66	440.50
921.96	390.50
922.26	386.00
922.57	381.00
922.87	412.50
923.17	390.50
923.47	357.00
923.77	877.00
924.08	603.50
924.38	376.50
924.68	379.00
924.98	364.00
925.28	348.00
925.59	362.50
925.89	376.00
926.19	348.50
926.49	384.50
926.79	393.00
927.09	347.00
927.40	341.50
927.70	325.50
928.00	349.00
928.30	316.50
928.60	324.00
928.90	311.00
929.20	272.00
929.50	268.50
929.80	296.00
930.11	289.00
930.41	253.00
930.71	259.50
931.01	221.50
931.31	244.50
931.61	259.50
931.91	240.50
932.21	212.00
932.51	194.50
932.81	207.00
933.11	176.00
933.41	165.50
933.71	184.50
934.01	176.00
934.31	153.50
934.61	160.50
934.91	176.50
935.21	173.50
935.51	180.50
935.81	159.50
936.11	152.50
936.41	163.50
936.71	275.50
937.01	185.00
937.31	151.00
937.61	155.50
937.91	165.00
938.21	173.50
938.51	172.00
938.81	204.00
939.11	194.00
939.41	231.50
939.71	238.50
940.01	203.50
940.30	214.50
940.60	244.00
940.90	283.00
941.20	243.50
941.50	242.50
941.80	221.00
942.10	191.00
942.40	212.00
942.70	185.00
942.99	194.50
943.29	158.00
943.59	188.00
943.89	169.00
944.19	187.50
944.49	187.50
944.78	157.50
945.08	169.50
945.38	145.50
945.68	171.00
945.98	161.50
946.28	180.00
946.57	171.00
946.87	147.00
947.17	161.50
947.47	170.00
947.76	174.00
948.06	157.50
948.36	149.00
948.66	173.00
948.96	174.50
949.25	150.50
949.55	158.50
949.85	221.00
950.14	147.50
950.44	147.00
950.74	142.50
951.04	191.50
951.33	169.00
951.63	154.00
951.93	156.00
952.22	143.00
952.52	192.50
952.82	137.00
953.12	185.00
953.41	152.00
953.71	216.50
954.01	151.00
954.30	142.00
954.60	162.50
954.89	152.50
955.19	152.50
955.49	142.50
955.78	134.50
956.08	152.50
956.38	155.50
956.67	270.00
956.97	200.50
957.26	197.50
957.56	171.00
957.86	181.00
958.15	148.00
958.45	142.50
958.74	129.50
959.04	180.50
959.34	144.50
959.63	194.00
959.93	156.00
960.22	137.00
960.52	139.50
960.81	174.00
961.11	190.50
961.40	158.50
961.70	257.00
961.99	141.50
962.29	178.00
962.58	164.00
962.88	154.50
963.17	183.50
963.47	153.00
963.76	216.00
964.06	129.50
964.35	159.50
964.65	177.00
964.94	277.00
965.24	166.50
965.53	150.00
965.83	199.50
966.12	150.00
966.42	151.00
966.71	155.50
967.00	185.00
967.30	142.50
967.59	165.00
967.89	179.50
968.18	137.00
968.47	146.50
968.77	172.50
969.06	158.50
969.36	146.00
969.65	136.00
969.94	127.50
970.24	143.50
970.53	145.00
970.82	144.50
971.12	163.00
971.41	152.50
971.70	152.50
972.00	128.50
972.29	168.50
972.58	126.50
972.88	137.50
973.17	175.50
973.46	156.00
973.76	219.50
974.05	124.00
974.34	134.00
974.64	130.50
974.93	117.00
975.22	125.00
975.51	153.00
975.81	150.50
976.10	146.00
976.39	155.00
976.68	141.50
976.98	140.50
977.27	145.50
977.56	122.00
977.85	141.00
978.14	163.50
978.44	152.00
978.73	111.50
979.02	186.50
979.31	111.00
979.60	158.50
979.90	135.00
980.19	115.50
980.48	120.50
980.77	134.50
981.06	129.00
981.36	130.00
981.65	109.50
981.94	140.50
982.23	142.00
982.52	123.50
982.81	121.00
983.10	103.00
983.39	128.00
983.69	136.50
983.98	120.00
984.27	149.00
984.56	118.50
984.85	146.00
985.14	124.50
985.43	106.50
985.72	113.50
986.01	111.00
986.30	98.50
986.59	100.50
986.89	133.00
987.18	124.00
987.47	119.00
987.76	136.00
988.05	127.50
988.34	107.50
988.63	142.00
988.92	119.50
989.21	112.00
989.50	146.00
989.79	130.50
990.08	106.00
990.37	134.50
990.66	138.50
990.95	128.50
991.24	115.50
991.53	105.00
991.82	130.50
992.11	134.00
992.40	115.50
992.68	111.00
992.97	90.50
993.26	131.50
993.55	133.50
993.84	96.50
994.13	123.00
994.42	137.50
994.71	95.00
995.00	119.00
995.29	97.50
995.58	107.00
995.86	88.00
996.15	98.50
996.44	110.00
996.73	94.50
997.02	95.50
997.31	85.00
997.60	140.00
997.89	133.00
998.17	119.00
998.46	195.50
998.75	93.50
999.04	92.00
999.33	102.50
999.61	86.50
999.90	92.50
1000.19	90.50
1000.48	122.50
1000.77	202.00
1001.05	112.00
1001.34	154.00
1001.63	114.50
1001.92	109.00
1002.21	120.50
1002.49	111.50
1002.78	105.50
1003.07	106.50
1003.36	88.00
1003.64	77.50
1003.93	109.50
1004.22	124.00
1004.50	120.00
1004.79	99.50
1005.08	89.50
1005.37	84.50
1005.65	73.50
1005.94	94.00
1006.23	98.00
1006.51	115.00
1006.80	75.00
1007.09	95.00
1007.37	79.00
1007.66	114.00
1007.95	145.50
1008.23	129.50
1008.52	109.50
1008.81	96.50
1009.09	94.50
1009.38	80.50
1009.66	169.00
1009.95	106.50
1010.24	82.50
1010.52	93.50
1010.81	70.00
1011.10	80.50
1011.38	77.00
1011.67	115.50
1011.95	81.00
1012.24	67.00
1012.52	99.00
1012.81	87.50
1013.10	81.00
1013.38	87.50
1013.67	110.50
1013.95	106.50
1014.24	100.50
1014.52	80.00
1014.81	108.00
1015.09	117.00
1015.38	121.50
1015.66	71.00
1015.95	72.50
1016.23	85.50
1016.52	101.50
1016.80	65.50
1017.09	77.50
1017.37	72.50
1017.66	83.00
1017.94	108.00
1018.23	97.00
1018.51	70.00
1018.79	99.50
1019.08	73.50
1019.36	82.50
1019.65	66.50
1019.93	60.50
1020.22	75.00
1020.50	71.00
1020.78	122.00
1021.07	98.50
1021.35	148.50
1021.64	88.00
1021.92	71.50
1022.20	90.00
1022.49	75.00
1022.77	75.00
1023.05	81.50
1023.34	59.00
1023.62	67.50
1023.90	83.00
1024.19	82.00
1024.47	90.50
1024.75	79.00
1025.04	101.00
1025.32	100.00
1025.60	70.50
