339.59	0.00
339.97	38.00
340.35	37.67
340.73	42.33
341.12	42.33
341.50	128.00
341.88	77.33
342.26	77.33
342.65	88.67
343.03	64.00
343.41	74.00
343.79	74.67
344.17	47.33
344.55	248.67
344.94	100.67
345.32	66.33
345.70	72.00
346.08	85.33
346.46	62.67
346.84	83.67
347.23	83.33
347.61	92.67
347.99	50.33
348.37	207.33
348.75	87.33
349.13	78.00
349.51	78.00
349.90	85.33
350.28	55.67
350.66	60.00
351.04	91.00
351.42	98.00
351.80	71.00
352.18	52.00
352.56	56.33
352.94	54.00
353.32	74.00
353.71	55.33
354.09	80.00
354.47	93.67
354.85	88.67
355.23	68.67
355.61	53.00
355.99	74.33
356.37	66.00
356.75	149.00
357.13	83.00
357.51	79.33
357.89	105.00
358.27	74.00
358.65	98.67
359.03	77.00
359.41	52.00
359.79	67.00
360.17	94.00
360.55	110.33
360.93	67.00
361.31	137.67
361.69	72.00
362.07	55.00
362.45	92.00
362.83	133.00
363.21	141.33
363.59	110.00
363.97	195.00
364.35	65.33
364.73	94.00
365.11	129.33
365.49	66.67
365.87	56.67
366.25	68.33
366.63	104.67
367.01	69.00
367.39	84.67
367.77	223.67
368.14	61.33
368.52	68.00
368.90	85.33
369.28	55.67
369.66	125.67
370.04	88.33
370.42	68.00
370.80	79.00
371.18	73.00
371.56	79.33
371.93	73.00
372.31	96.33
372.69	61.33
373.07	73.00
373.45	77.67
373.83	61.00
374.21	85.00
374.58	98.67
374.96	99.67
375.34	103.00
375.72	75.00
376.10	63.00
376.48	85.00
376.85	61.00
377.23	73.00
377.61	88.00
377.99	68.33
378.37	98.67
378.75	121.67
379.12	83.67
379.50	84.67
379.88	93.67
380.26	76.67
380.63	80.67
381.01	185.67
381.39	107.00
381.77	103.33
382.15	96.00
382.52	100.33
382.90	88.00
383.28	115.33
383.66	87.33
384.03	108.67
384.41	130.67
384.79	148.67
385.17	153.00
385.54	126.00
385.92	119.67
386.30	152.33
386.67	137.33
387.05	163.33
387.43	164.67
387.81	170.67
388.18	186.67
388.56	184.00
388.94	176.67
389.31	180.00
389.69	285.67
390.07	231.67
390.44	219.67
390.82	247.67
391.20	278.33
391.57	264.67
391.95	337.67
392.33	250.33
392.70	247.00
393.08	227.33
393.46	263.33
393.83	266.33
394.21	267.67
394.58	264.67
394.96	310.00
395.34	295.00
395.71	376.00
396.09	314.00
396.47	303.00
396.84	305.00
397.22	345.67
397.59	432.00
397.97	424.33
398.35	475.00
398.72	509.00
399.10	523.67
399.47	566.67
399.85	570.67
400.22	627.67
400.60	605.00
400.97	677.67
401.35	690.33
401.73	707.00
402.10	676.33
402.48	699.33
402.85	665.00
403.23	679.00
403.60	707.67
403.98	704.67
404.35	766.33
404.73	725.33
405.10	736.67
405.48	736.67
405.85	757.67
406.23	763.00
406.60	791.67
406.98	796.00
407.35	814.00
407.73	874.67
408.10	929.33
408.48	907.00
408.85	927.67
409.23	884.33
409.60	933.67
409.98	923.33
410.35	985.00
410.72	941.00
411.10	1003.33
411.47	1045.00
411.85	1075.00
412.22	1075.33
412.60	1092.00
412.97	1075.33
413.34	1095.00
413.72	1078.33
414.09	1086.00
414.47	1097.00
414.84	1084.33
415.21	1107.00
415.59	1102.33
415.96	1110.00
416.34	1141.67
416.71	1124.00
417.08	1125.33
417.46	1117.67
417.83	1102.67
418.20	1137.67
418.58	1200.33
418.95	1136.33
419.32	1120.33
419.70	1161.00
420.07	1236.00
420.44	1171.33
420.82	1222.33
421.19	1195.67
421.56	1274.67
421.94	1198.33
422.31	1212.33
422.68	1183.67
423.06	1190.67
423.43	1173.33
423.80	1217.33
424.18	1268.67
424.55	1207.67
424.92	1253.00
425.29	1271.67
425.67	1261.67
426.04	1257.33
426.41	1284.33
426.78	1241.00
427.16	1263.00
427.53	1248.33
427.90	1236.33
428.27	1253.67
428.65	1335.33
429.02	1238.33
429.39	1193.00
429.76	1188.00
430.14	1185.33
430.51	1345.00
430.88	1270.67
431.25	1323.33
431.62	1344.00
432.00	1398.00
432.37	1469.67
432.74	1589.00
433.11	1533.33
433.48	1515.00
433.86	1559.33
434.23	1567.00
434.60	1604.33
434.97	1606.67
435.34	1649.33
435.71	1718.33
436.09	1803.67
436.46	1748.33
436.83	1829.00
437.20	1783.00
437.57	1747.33
437.94	1825.67
438.31	1751.33
438.68	1744.00
439.06	1833.33
439.43	1813.33
439.80	1861.67
440.17	1872.67
440.54	1950.33
440.91	1947.67
441.28	1962.00
441.65	1937.00
442.02	1967.00
442.39	2024.33
442.77	2011.00
443.14	2048.67
443.51	2060.67
443.88	2071.67
444.25	1962.33
444.62	2037.33
444.99	2039.00
445.36	2028.33
445.73	2038.67
446.10	2067.00
446.47	2034.00
446.84	2079.33
447.21	2068.67
447.58	2107.67
447.95	2115.67
448.32	2088.00
448.69	2153.00
449.06	2172.67
449.43	2212.33
449.80	2195.33
450.17	2329.67
450.54	2178.67
450.91	2205.67
451.28	2226.67
451.65	2198.33
452.02	2173.00
452.39	2150.33
452.76	2136.00
453.13	2156.67
453.50	2146.67
453.87	2194.33
454.24	2158.33
454.61	2149.00
454.98	2203.00
455.35	2372.67
455.71	2192.33
456.08	2230.00
456.45	2315.00
456.82	2254.00
457.19	2290.33
457.56	2286.00
457.93	2275.00
458.30	2272.33
458.67	2241.00
459.04	2366.00
459.40	2282.33
459.77	2342.00
460.14	2306.67
460.51	2345.33
460.88	2293.33
461.25	2386.33
461.62	2429.33
461.98	2406.33
462.35	2342.00
462.72	2399.00
463.09	2396.67
463.46	2400.00
463.83	2394.33
464.19	2380.00
464.56	2371.67
464.93	2409.33
465.30	2514.67
465.67	2356.00
466.03	2362.67
466.40	2338.00
466.77	2307.00
467.14	2392.67
467.51	2388.00
467.87	2409.33
468.24	2369.00
468.61	2380.33
468.98	2349.33
469.35	2415.33
469.71	2434.67
470.08	2436.00
470.45	2496.67
470.82	2340.00
471.18	2372.33
471.55	2392.67
471.92	2403.67
472.28	2429.00
472.65	2541.00
473.02	2512.67
473.39	2397.00
473.75	2439.67
474.12	2431.67
474.49	2465.00
474.85	2398.67
475.22	2464.33
475.59	2468.33
475.95	2427.67
476.32	2528.00
476.69	2409.33
477.05	2412.33
477.42	2432.67
477.79	2457.33
478.15	2597.33
478.52	2446.33
478.89	2644.33
479.25	2488.00
479.62	2500.67
479.99	2535.00
480.35	2548.00
480.72	2545.33
481.09	2491.00
481.45	2541.33
481.82	2557.00
482.18	2510.67
482.55	2671.33
482.92	2685.33
483.28	2523.33
483.65	2526.67
484.01	2511.00
484.38	2486.00
484.75	2465.67
485.11	2423.67
485.48	2341.67
485.84	2380.00
486.21	2365.33
486.57	2350.33
486.94	2342.67
487.30	2370.33
487.67	2451.00
488.04	2513.33
488.40	2541.33
488.77	2577.00
489.13	2610.67
489.50	2654.33
489.86	2614.67
490.23	2635.00
490.59	2632.33
490.96	2635.00
491.32	2627.00
491.69	2622.67
492.05	2645.33
492.42	2635.67
492.78	2690.67
493.15	2685.33
493.51	2762.00
493.88	2712.67
494.24	2710.33
494.60	2724.33
494.97	2741.33
495.33	2730.33
495.70	2744.67
496.06	2759.00
496.43	2759.00
496.79	2741.33
497.16	2754.00
497.52	2727.67
497.88	2737.33
498.25	2715.00
498.61	2718.00
498.98	2733.67
499.34	2705.00
499.70	2733.67
500.07	2717.00
500.43	2684.33
500.80	2683.67
501.16	2644.33
501.52	2668.33
501.89	2669.33
502.25	2681.00
502.61	2667.67
502.98	2708.67
503.34	2679.67
503.70	2669.00
504.07	2731.00
504.43	2734.67
504.79	2734.33
505.16	2731.33
505.52	2737.00
505.88	2776.00
506.25	2794.33
506.61	2747.67
506.97	2822.33
507.34	3036.67
507.70	2767.00
508.06	2701.67
508.43	2741.67
508.79	2752.67
509.15	2753.67
509.51	2719.67
509.88	2741.67
510.24	2865.67
510.60	2786.00
510.96	2746.33
511.33	2777.00
511.69	2772.33
512.05	2743.33
512.41	2741.33
512.78	2736.67
513.14	2725.67
513.50	2733.33
513.86	2691.33
514.23	2713.33
514.59	2710.00
514.95	2728.00
515.31	2683.00
515.67	2676.00
516.04	2647.33
516.40	2639.67
516.76	2591.33
517.12	2601.00
517.48	2593.67
517.85	2811.33
518.21	2680.67
518.57	2689.33
518.93	2755.33
519.29	2846.33
519.65	2852.33
520.01	2873.67
520.38	2967.67
520.74	2937.67
521.10	2980.33
521.46	3016.33
521.82	3042.00
522.18	3048.00
522.54	3087.00
522.90	3092.33
523.27	3123.33
523.63	3159.00
523.99	3186.00
524.35	3215.00
524.71	3214.33
525.07	3243.00
525.43	3225.67
525.79	3221.33
526.15	3203.00
526.51	3232.33
526.87	3251.00
527.23	3247.33
527.60	3254.67
527.96	3301.33
528.32	3341.33
528.68	3392.67
529.04	3435.00
529.40	3438.00
529.76	3482.00
530.12	3494.33
530.48	3504.00
530.84	3528.00
531.20	3516.67
531.56	3536.33
531.92	3552.00
532.28	3505.67
532.64	3526.67
533.00	3520.33
533.36	3557.67
533.72	3565.33
534.08	3589.67
534.44	3643.33
534.80	3639.00
535.16	3636.33
535.52	3638.67
535.87	3663.67
536.23	3723.00
536.59	3690.00
536.95	3704.33
537.31	3691.00
537.67	3696.67
538.03	3681.33
538.39	3672.33
538.75	3676.33
539.11	3722.33
539.47	3711.33
539.83	3664.67
540.19	3657.67
540.54	3640.33
540.90	3640.67
541.26	3703.00
541.62	3668.33
541.98	3667.00
542.34	3692.33
542.70	3694.67
543.06	3763.33
543.41	3744.33
543.77	3726.67
544.13	3751.00
544.49	3712.33
544.85	3707.00
545.21	3718.00
545.56	3726.00
545.92	3735.33
546.28	3736.33
546.64	3697.00
547.00	3683.33
547.35	3735.00
547.71	3678.00
548.07	3688.00
548.43	3666.67
548.79	3654.33
549.14	3663.67
549.50	3678.00
549.86	3669.00
550.22	3643.00
550.58	3662.33
550.93	3648.33
551.29	3640.00
551.65	3601.33
552.01	3632.00
552.36	3613.00
552.72	3584.33
553.08	3585.67
553.43	3608.33
553.79	3558.67
554.15	3530.33
554.51	3561.33
554.86	3528.67
555.22	3482.33
555.58	3498.33
555.93	3476.33
556.29	3610.00
556.65	3470.33
557.01	3445.33
557.36	3376.67
557.72	3354.33
558.08	3306.33
558.43	3300.67
558.79	3274.67
559.15	3280.67
559.50	3287.67
559.86	3225.00
560.21	3156.33
560.57	3129.33
560.93	3116.00
561.28	3129.33
561.64	3145.00
562.00	3052.00
562.35	3068.33
562.71	3030.33
563.06	3104.67
563.42	2973.33
563.78	2949.00
564.13	2912.67
564.49	2890.67
564.84	2874.67
565.20	2796.00
565.56	2755.00
565.91	2760.67
566.27	2710.67
566.62	2722.00
566.98	2673.67
567.33	2662.00
567.69	2823.00
568.04	2672.00
568.40	2700.00
568.75	2530.00
569.11	2525.00
569.47	2543.33
569.82	2497.00
570.18	2423.67
570.53	2422.67
570.89	2360.00
571.24	2361.00
571.60	2345.33
571.95	2355.67
572.31	2360.67
572.66	2313.00
573.02	2292.67
573.37	2340.00
573.72	2286.00
574.08	2245.33
574.43	2241.00
574.79	2191.67
575.14	2196.00
575.50	2206.33
575.85	2179.67
576.21	2145.00
576.56	2207.00
576.91	2107.67
577.27	2099.67
577.62	2107.33
577.98	2064.67
578.33	2089.33
578.69	2125.33
579.04	2057.67
579.39	2097.00
579.75	2303.67
580.10	2078.67
580.45	2091.00
580.81	2091.67
581.16	2093.67
581.52	2102.33
581.87	2058.67
582.22	2089.00
582.58	2058.00
582.93	2077.33
583.28	2078.33
583.64	2060.67
583.99	2058.67
584.34	2059.00
584.70	2019.67
585.05	1991.67
585.40	2019.00
585.76	2009.00
586.11	2010.00
586.46	1971.67
586.82	1993.00
587.17	1983.00
587.52	1946.67
587.87	1918.67
588.23	1925.67
588.58	1892.33
588.93	1826.67
589.29	1831.67
589.64	1831.00
589.99	1829.67
590.34	1853.33
590.70	1896.67
591.05	1827.67
591.40	1864.00
591.75	1881.00
592.10	1887.67
592.46	1870.00
592.81	1856.00
593.16	1873.33
593.51	1870.67
593.87	1881.00
594.22	1967.67
594.57	1841.67
594.92	1892.33
595.27	1831.67
595.63	1846.67
595.98	1844.67
596.33	1803.67
596.68	1833.00
597.03	1826.67
597.38	1797.33
597.74	1780.67
598.09	1781.33
598.44	1783.00
598.79	1803.00
599.14	1735.33
599.49	1765.67
599.84	1738.33
600.19	1698.00
600.55	1709.67
600.90	1685.00
601.25	1748.33
601.60	1767.00
601.95	1711.33
602.30	1663.00
602.65	1653.00
603.00	1638.33
603.35	1684.00
603.70	1650.33
604.06	1644.67
604.41	1653.00
604.76	1631.67
605.11	1601.00
605.46	1621.00
605.81	1602.67
606.16	1569.00
606.51	1802.00
606.86	1556.67
607.21	1533.33
607.56	1537.00
607.91	1499.00
608.26	1495.33
608.61	1502.33
608.96	1462.67
609.31	1455.00
609.66	1432.00
610.01	1455.00
610.36	1534.00
610.71	1395.00
611.06	1423.00
611.41	1395.67
611.76	1381.00
612.11	1375.67
612.46	1385.67
612.81	1366.00
613.16	1363.00
613.51	1308.00
613.86	1293.67
614.21	1304.33
614.56	1282.33
614.90	1287.33
615.25	1248.00
615.60	1259.33
615.95	1296.33
616.30	1236.33
616.65	1206.67
617.00	1219.00
617.35	1211.00
617.70	1200.33
618.05	1229.33
618.39	1185.67
618.74	1213.33
619.09	1173.67
619.44	1191.00
619.79	1180.67
620.14	1180.33
620.49	1185.67
620.84	1175.67
621.18	1156.67
621.53	1136.67
621.88	1123.67
622.23	1118.67
622.58	1124.67
622.93	1122.00
623.27	1147.33
623.62	1096.00
623.97	1113.00
624.32	1080.67
624.67	1105.67
625.01	1064.00
625.36	1038.33
625.71	1064.67
626.06	1050.00
626.40	1041.67
626.75	1087.33
627.10	1075.00
627.45	1053.00
627.80	1034.67
628.14	1015.00
628.49	1009.00
628.84	1025.67
629.18	1064.00
629.53	982.00
629.88	1008.33
630.23	1030.67
630.57	994.67
630.92	1003.33
631.27	1000.67
631.62	1075.67
631.96	987.00
632.31	1005.00
632.66	1019.33
633.00	1114.67
633.35	1016.00
633.70	1128.67
634.04	1018.67
634.39	1119.33
634.74	1061.33
635.08	982.67
635.43	1140.33
635.78	1038.00
636.12	984.00
636.47	993.00
636.82	1067.00
637.16	1005.67
637.51	1022.00
637.85	1049.67
638.20	982.33
638.55	1014.33
638.89	963.67
639.24	1015.33
639.58	980.00
639.93	948.33
640.28	1102.00
640.62	974.00
640.97	973.67
641.31	1000.33
641.66	960.00
642.00	945.33
642.35	970.00
642.70	984.67
643.04	963.00
643.39	932.67
643.73	929.00
644.08	905.67
644.42	913.00
644.77	924.33
645.11	884.00
645.46	921.33
645.80	886.67
646.15	860.00
646.49	903.33
646.84	845.00
647.18	927.33
647.53	962.33
647.87	894.67
648.22	836.33
648.56	904.33
648.91	831.33
649.25	816.33
649.60	831.33
649.94	820.67
650.29	812.33
650.63	810.33
650.97	837.67
651.32	866.00
651.66	835.00
652.01	815.67
652.35	813.00
652.70	854.00
653.04	800.67
653.38	787.33
653.73	789.00
654.07	818.67
654.42	781.33
654.76	780.00
655.10	749.00
655.45	794.33
655.79	699.00
656.13	718.00
656.48	737.67
656.82	682.67
657.17	740.00
657.51	722.00
657.85	705.00
658.20	716.33
658.54	836.67
658.88	713.67
659.23	748.33
659.57	748.67
659.91	702.00
660.25	715.33
660.60	723.33
660.94	698.33
661.28	702.00
661.63	709.33
661.97	686.00
662.31	686.33
662.66	680.00
663.00	707.67
663.34	666.33
663.68	691.33
664.03	661.00
664.37	671.33
664.71	656.33
665.05	654.67
665.40	625.33
665.74	673.67
666.08	644.00
666.42	642.00
666.77	604.67
667.11	647.67
667.45	655.33
667.79	644.33
668.13	633.67
668.48	607.33
668.82	651.67
669.16	601.67
669.50	595.33
669.84	595.00
670.18	590.00
670.53	613.00
670.87	591.33
671.21	628.00
671.55	575.67
671.89	588.33
672.23	557.67
672.58	604.67
672.92	580.00
673.26	565.67
673.60	580.33
673.94	547.00
674.28	602.33
674.62	536.67
674.96	548.00
675.31	563.67
675.65	547.33
675.99	587.67
676.33	550.67
676.67	530.67
677.01	571.33
677.35	559.67
677.69	554.67
678.03	555.00
678.37	567.00
678.71	558.67
679.05	546.00
679.39	593.33
679.73	523.67
680.07	565.33
680.41	533.33
680.75	589.67
681.10	550.00
681.44	538.67
681.78	500.00
682.12	510.67
682.46	530.00
682.80	536.00
683.14	577.33
683.48	508.67
683.82	503.00
684.15	520.67
684.49	551.67
684.83	526.00
685.17	572.00
685.51	506.67
685.85	494.33
686.19	460.67
686.53	475.33
686.87	499.33
687.21	508.33
687.55	436.00
687.89	457.00
688.23	424.33
688.57	445.33
688.91	428.00
689.25	469.33
689.58	473.67
689.92	499.00
690.26	485.00
690.60	512.33
690.94	517.00
691.28	525.33
691.62	543.67
691.96	556.67
692.30	572.33
692.63	608.33
692.97	590.33
693.31	663.33
693.65	725.67
693.99	660.00
694.33	630.33
694.66	668.67
695.00	674.00
695.34	739.67
695.68	714.67
696.02	714.67
696.35	723.67
696.69	786.33
697.03	798.00
697.37	782.67
697.71	814.67
698.04	850.00
698.38	849.00
698.72	871.67
699.06	895.00
699.40	894.00
699.73	941.67
700.07	963.00
700.41	962.00
700.75	1035.67
701.08	1007.00
701.42	1055.67
701.76	1031.00
702.09	1067.00
702.43	1115.00
702.77	1100.67
703.11	1159.67
703.44	1173.67
703.78	1205.33
704.12	1250.67
704.45	1305.33
704.79	1444.33
705.13	1316.00
705.46	1363.00
705.80	1389.67
706.14	1425.00
706.47	1434.67
706.81	1485.67
707.15	1493.00
707.48	1498.67
707.82	1546.00
708.16	1611.67
708.49	1632.33
708.83	1690.33
709.16	1701.67
709.50	1693.67
709.84	1761.33
710.17	1757.33
710.51	1891.67
710.85	1812.00
711.18	1850.67
711.52	1889.00
711.85	1925.33
712.19	1952.00
712.52	1962.67
712.86	2010.67
713.20	2071.33
713.53	2083.67
713.87	2093.00
714.20	2137.33
714.54	2230.00
714.87	2197.67
715.21	2175.33
715.54	2198.67
715.88	2219.00
716.21	2235.00
716.55	2248.00
716.88	2225.67
717.22	2205.67
717.55	2192.00
717.89	2176.33
718.22	2163.00
718.56	2144.00
718.89	2119.33
719.23	2152.33
719.56	2213.67
719.90	2246.33
720.23	2326.33
720.57	2362.33
720.90	2453.00
721.24	2568.67
721.57	2649.67
721.90	2618.33
722.24	2630.00
722.57	2683.33
722.91	2680.00
723.24	2681.33
723.58	2758.67
723.91	2703.67
724.24	2729.33
724.58	2746.00
724.91	2720.67
725.25	2730.67
725.58	2844.33
725.91	2758.33
726.25	2819.00
726.58	2892.33
726.91	2854.33
727.25	2925.33
727.58	2931.33
727.91	2941.00
728.25	2947.00
728.58	2972.67
728.91	2975.33
729.25	3107.67
729.58	3001.00
729.91	3074.00
730.25	3041.67
730.58	3167.00
730.91	3161.67
731.25	3168.00
731.58	3192.00
731.91	3289.33
732.25	3264.67
732.58	3355.33
732.91	3351.00
733.24	3387.67
733.58	3402.00
733.91	3417.33
734.24	3457.33
734.57	3464.00
734.91	3496.00
735.24	3421.67
735.57	3489.67
735.90	3467.33
736.24	3472.67
736.57	3451.33
736.90	3452.33
737.23	3448.00
737.56	3482.67
737.90	3482.33
738.23	3488.33
738.56	3446.67
738.89	3508.67
739.22	3468.00
739.56	3454.33
739.89	3489.33
740.22	3446.00
740.55	3410.33
740.88	3460.33
741.21	3486.67
741.55	3432.33
741.88	3460.00
742.21	3468.67
742.54	3451.33
742.87	3447.33
743.20	3440.33
743.53	3416.67
743.86	3434.00
744.20	3388.67
744.53	3423.67
744.86	3418.33
745.19	3408.00
745.52	3433.00
745.85	3400.33
746.18	3504.33
746.51	3446.00
746.84	3420.00
747.17	3340.00
747.50	3339.33
747.83	3317.67
748.16	3367.00
748.49	3304.67
748.83	3327.67
749.16	3279.33
749.49	3286.00
749.82	3251.33
750.15	3222.67
750.48	3193.33
750.81	3179.00
751.14	3164.67
751.47	3162.00
751.80	3196.00
752.13	3142.67
752.46	3117.33
752.79	3212.00
753.12	3135.67
753.45	3107.33
753.78	3085.00
754.10	3071.33
754.43	3081.00
754.76	3085.67
755.09	3026.33
755.42	3025.00
755.75	3053.00
756.08	3012.67
756.41	2956.00
756.74	2966.00
757.07	2930.33
757.40	2908.67
757.73	2902.00
758.06	2852.00
758.38	2742.33
758.71	2442.33
759.04	2219.67
759.37	1954.00
759.70	1631.00
760.03	1397.67
760.36	1189.00
760.69	1048.33
761.01	992.67
761.34	948.33
761.67	891.33
762.00	925.00
762.33	923.00
762.66	913.67
762.98	968.67
763.31	959.33
763.64	993.00
763.97	1041.67
764.30	1111.33
764.63	1237.33
764.95	1295.67
765.28	1406.33
765.61	1523.00
765.94	1619.33
766.26	1755.33
766.59	1840.00
766.92	1980.00
767.25	2097.67
767.58	2154.67
767.90	2207.00
768.23	2338.00
768.56	2326.67
768.89	2395.33
769.21	2370.33
769.54	2413.33
769.87	2438.00
770.19	2444.67
770.52	2490.67
770.85	2436.00
771.18	2468.00
771.50	2530.33
771.83	2411.33
772.16	2427.00
772.48	2430.67
772.81	2452.33
773.14	2429.00
773.46	2508.00
773.79	2561.00
774.12	2387.33
774.44	2382.33
774.77	2383.33
775.10	2372.00
775.42	2383.00
775.75	2416.33
776.07	2352.67
776.40	2439.00
776.73	2352.00
777.05	2367.67
777.38	2332.67
777.71	2331.67
778.03	2355.00
778.36	2285.33
778.68	2301.67
779.01	2292.67
779.33	2269.00
779.66	2258.00
779.99	2251.67
780.31	2224.33
780.64	2250.00
780.96	2241.00
781.29	2240.67
781.61	2252.33
781.94	2227.67
782.26	2189.33
782.59	2291.00
782.91	2172.67
783.24	2156.00
783.56	2131.33
783.89	2149.67
784.22	2173.00
784.54	2121.67
784.86	2152.67
785.19	2121.33
785.51	2120.33
785.84	2078.67
786.16	2127.33
786.49	2110.00
786.81	2064.33
787.14	2090.67
787.46	2064.33
787.79	2070.33
788.11	2074.33
788.44	2069.00
788.76	2240.33
789.08	2029.33
789.41	2020.33
789.73	2187.00
790.06	2055.33
790.38	2052.00
790.70	1969.33
791.03	2076.00
791.35	2026.00
791.68	1995.33
792.00	2018.67
792.32	1979.33
792.65	2004.00
792.97	1988.00
793.30	1989.33
793.62	1994.00
793.94	1968.33
794.27	1974.00
794.59	1983.33
794.91	1989.67
795.24	1999.67
795.56	2016.33
795.88	2024.67
796.21	1997.33
796.53	2005.67
796.85	2018.33
797.17	2038.67
797.50	2076.67
797.82	2057.00
798.14	2048.67
798.47	2015.33
798.79	2034.33
799.11	2014.33
799.43	2033.33
799.76	2072.67
800.08	2045.33
800.40	2024.33
800.72	2002.67
801.05	2000.67
801.37	1984.67
801.69	1978.67
802.01	1997.67
802.34	1984.00
802.66	1981.00
802.98	1967.00
803.30	1980.00
803.62	1972.00
803.95	1979.33
804.27	1989.33
804.59	1995.67
804.91	1948.67
805.23	1974.33
805.56	1977.00
805.88	1990.67
806.20	1990.00
806.52	1992.00
806.84	1969.33
807.16	2232.33
807.48	1950.67
807.81	1951.33
808.13	1971.67
808.45	1988.00
808.77	1915.33
809.09	1899.67
809.41	1941.67
809.73	1891.67
810.05	1878.00
810.37	2069.67
810.70	1912.67
811.02	1934.67
811.34	1820.67
811.66	1871.00
811.98	1843.67
812.30	1780.33
812.62	1807.33
812.94	1771.67
813.26	1721.00
813.58	1693.33
813.90	1705.00
814.22	1658.67
814.54	1622.00
814.86	1704.00
815.18	1619.67
815.50	1567.67
815.82	1534.67
816.14	1521.67
816.46	1531.33
816.78	1517.00
817.10	1478.33
817.42	1467.00
817.74	1465.67
818.06	1536.00
818.38	1446.00
818.70	1446.00
819.02	1455.33
819.34	1440.33
819.66	1484.67
819.98	1508.00
820.30	1491.67
820.62	1514.67
820.94	1544.67
821.26	1496.67
821.58	1496.00
821.89	1478.00
822.21	1414.67
822.53	1535.67
822.85	1393.33
823.17	1378.00
823.49	1445.00
823.81	1382.33
824.13	1373.33
824.45	1404.00
824.76	1406.67
825.08	1419.00
825.40	1422.67
825.72	1452.00
826.04	1426.33
826.36	1440.33
826.68	1464.00
826.99	1389.67
827.31	1396.00
827.63	1366.00
827.95	1427.33
828.27	1348.67
828.58	1340.00
828.90	1347.67
829.22	1355.67
829.54	1381.67
829.86	1318.33
830.17	1346.00
830.49	1311.33
830.81	1342.00
831.13	1287.00
831.44	1279.67
831.76	1282.33
832.08	1291.67
832.40	1275.33
832.71	1282.00
833.03	1248.00
833.35	1378.00
833.67	1243.67
833.98	1262.00
834.30	1258.33
834.62	1265.33
834.93	1301.67
835.25	1242.67
835.57	1235.33
835.88	1288.67
836.20	1262.00
836.52	1251.67
836.84	1315.33
837.15	1228.00
837.47	1270.33
837.78	1289.33
838.10	1261.33
838.42	1233.00
838.73	1259.00
839.05	1285.00
839.37	1238.67
839.68	1205.67
840.00	1335.00
840.32	1205.33
840.63	1211.67
840.95	1235.33
841.26	1228.67
841.58	1193.67
841.90	1157.00
842.21	1186.00
842.53	1180.67
842.84	1139.00
843.16	1140.33
843.47	1126.33
843.79	1097.33
844.11	1143.00
844.42	1110.00
844.74	1120.00
845.05	1107.67
845.37	1096.00
845.68	1093.00
846.00	1084.33
846.31	1188.00
846.63	1192.33
846.94	1106.33
847.26	1066.67
847.57	1051.00
847.89	1059.67
848.20	1046.67
848.52	1100.33
848.83	1003.67
849.15	994.67
849.46	1013.67
849.78	986.33
850.09	947.67
850.41	967.00
850.72	966.67
851.03	978.33
851.35	960.33
851.66	980.33
851.98	972.33
852.29	932.33
852.61	956.00
852.92	921.67
853.23	922.00
853.55	882.67
853.86	865.67
854.18	859.67
854.49	840.00
854.80	864.33
855.12	864.00
855.43	884.00
855.74	841.33
856.06	866.00
856.37	871.67
856.68	861.33
857.00	873.33
857.31	873.00
857.62	882.67
857.94	909.67
858.25	869.33
858.56	914.00
858.88	932.33
859.19	852.67
859.50	877.67
859.82	838.00
860.13	839.00
860.44	850.33
860.75	829.33
861.07	978.33
861.38	828.00
861.69	834.67
862.01	813.33
862.32	839.33
862.63	824.33
862.94	848.00
863.26	828.67
863.57	819.33
863.88	813.00
864.19	804.67
864.50	786.00
864.82	770.33
865.13	807.67
865.44	820.33
865.75	726.00
866.06	747.67
866.38	862.67
866.69	715.67
867.00	754.67
867.31	839.67
867.62	724.67
867.93	750.00
868.25	748.33
868.56	730.00
868.87	713.00
869.18	712.67
869.49	717.00
869.80	768.00
870.11	775.33
870.43	776.67
870.74	753.00
871.05	750.00
871.36	727.33
871.67	764.67
871.98	760.00
872.29	725.67
872.60	686.33
872.91	719.67
873.22	709.00
873.53	705.67
873.85	694.00
874.16	693.67
874.47	700.33
874.78	704.00
875.09	687.33
875.40	712.67
875.71	686.67
876.02	710.00
876.33	688.00
876.64	685.00
876.95	643.33
877.26	658.33
877.57	706.33
877.88	650.00
878.19	684.33
878.50	635.67
878.81	663.33
879.12	627.67
879.43	636.00
879.74	728.67
880.05	629.00
880.36	589.67
880.67	672.33
880.98	608.00
881.28	615.00
881.59	617.00
881.90	599.00
882.21	616.33
882.52	616.33
882.83	603.33
883.14	641.33
883.45	615.00
883.76	610.67
884.07	584.33
884.38	594.33
884.68	596.67
884.99	697.00
885.30	603.67
885.61	612.33
885.92	594.33
886.23	577.00
886.54	663.00
886.84	596.33
887.15	584.33
887.46	618.00
887.77	595.67
888.08	557.67
888.39	614.33
888.69	589.00
889.00	605.00
889.31	570.33
889.62	562.00
889.93	582.67
890.23	571.67
890.54	632.33
890.85	556.67
891.16	557.67
891.46	701.00
891.77	564.67
892.08	540.67
892.39	561.33
892.69	553.67
893.00	687.00
893.31	638.00
893.62	577.33
893.92	540.67
894.23	552.33
894.54	604.67
894.84	524.00
895.15	560.00
895.46	533.67
895.77	505.33
896.07	603.67
896.38	495.00
896.69	517.00
896.99	563.00
897.30	492.33
897.61	479.67
897.91	464.33
898.22	497.67
898.53	460.67
898.83	2554.33
899.14	548.67
899.44	466.33
899.75	457.67
900.06	435.67
900.36	482.67
900.67	483.33
900.97	461.67
901.28	558.33
901.59	442.67
901.89	428.33
902.20	462.00
902.50	457.33
902.81	459.67
903.12	482.33
903.42	519.67
903.73	480.33
904.03	521.00
904.34	525.00
904.64	510.00
904.95	534.33
905.25	509.67
905.56	507.00
905.86	484.67
906.17	491.00
906.47	492.67
906.78	473.33
907.08	461.33
907.39	508.67
907.69	528.33
908.00	456.00
908.30	441.33
908.61	446.33
908.91	445.67
909.22	414.00
909.52	442.67
909.83	439.67
910.13	455.33
910.43	476.00
910.74	456.67
911.04	474.00
911.35	448.00
911.65	463.33
911.96	447.33
912.26	431.00
912.56	435.33
912.87	494.33
913.17	453.67
913.48	429.33
913.78	473.33
914.08	421.67
914.39	431.67
914.69	461.00
914.99	486.67
915.30	402.33
915.60	456.67
915.90	461.33
916.21	478.67
916.51	412.33
916.81	413.67
917.12	409.00
917.42	409.00
917.72	448.00
918.03	481.67
918.33	412.00
918.63	474.33
918.94	424.33
919.24	577.33
919.54	460.67
919.84	428.67
920.15	464.00
920.45	444.33
920.75	522.00
921.05	459.00
921.36	422.00
921.66	468.67
921.96	419.00
922.26	413.33
922.57	408.33
922.87	456.00
923.17	424.67
923.47	388.33
923.77	991.00
924.08	684.00
924.38	424.33
924.68	421.67
924.98	388.67
925.28	376.33
925.59	386.00
925.89	399.67
926.19	372.67
926.49	406.67
926.79	415.33
927.09	378.67
927.40	367.67
927.70	358.33
928.00	375.33
928.30	347.00
928.60	346.33
928.90	344.33
929.20	302.00
929.50	294.00
929.80	326.67
930.11	314.00
930.41	277.33
930.71	282.33
931.01	244.67
931.31	263.00
931.61	285.33
931.91	260.67
932.21	232.33
932.51	219.00
932.81	229.00
933.11	195.67
933.41	189.67
933.71	195.00
934.01	192.33
934.31	171.00
934.61	174.33
934.91	196.67
935.21	185.67
935.51	198.33
935.81	176.00
936.11	159.33
936.41	180.00
936.71	313.67
937.01	210.00
937.31	167.33
937.61	175.33
937.91	183.33
938.21	193.33
938.51	184.67
938.81	220.67
939.11	211.00
939.41	267.33
939.71	263.67
940.01	216.00
940.30	239.00
940.60	268.67
940.90	319.33
941.20	267.67
941.50	269.33
941.80	247.00
942.10	218.67
942.40	237.00
942.70	208.67
942.99	209.33
943.29	172.67
943.59	212.00
943.89	190.00
944.19	203.67
944.49	203.33
944.78	173.67
945.08	189.67
945.38	161.00
945.68	188.33
945.98	170.00
946.28	195.00
946.57	183.00
946.87	157.00
947.17	170.00
947.47	181.67
947.76	191.33
948.06	170.67
948.36	164.00
948.66	190.33
948.96	187.00
949.25	161.33
949.55	174.33
949.85	246.00
950.14	158.33
950.44	158.33
950.74	156.33
951.04	210.00
951.33	182.33
951.63	157.67
951.93	165.00
952.22	155.67
952.52	214.00
952.82	152.00
953.12	198.67
953.41	165.67
953.71	238.67
954.01	162.00
954.30	157.00
954.60	178.33
954.89	164.67
955.19	164.00
955.49	154.33
955.78	156.00
956.08	162.67
956.38	168.00
956.67	303.67
956.97	215.33
957.26	227.67
957.56	187.67
957.86	198.33
958.15	154.67
958.45	150.67
958.74	142.33
959.04	192.00
959.34	162.67
959.63	216.33
959.93	166.67
960.22	140.33
960.52	148.00
960.81	188.33
961.11	211.67
961.40	169.67
961.70	283.67
961.99	149.00
962.29	184.33
962.58	181.33
962.88	171.33
963.17	204.00
963.47	169.00
963.76	243.00
964.06	137.67
964.35	180.00
964.65	196.00
964.94	311.33
965.24	180.33
965.53	158.00
965.83	215.00
966.12	159.67
966.42	162.67
966.71	180.00
967.00	200.00
967.30	154.67
967.59	174.33
967.89	198.33
968.18	159.33
968.47	160.00
968.77	178.67
969.06	165.67
969.36	153.33
969.65	140.67
969.94	137.00
970.24	159.00
970.53	156.33
970.82	151.00
971.12	178.67
971.41	167.67
971.70	166.33
972.00	136.00
972.29	187.33
972.58	131.67
972.88	143.00
973.17	189.00
973.46	166.67
973.76	241.00
974.05	130.00
974.34	145.00
974.64	145.33
974.93	129.00
975.22	141.67
975.51	163.67
975.81	162.00
976.10	153.00
976.39	166.67
976.68	157.33
976.98	156.33
977.27	162.00
977.56	136.67
977.85	156.33
978.14	178.00
978.44	166.67
978.73	114.00
979.02	201.67
979.31	114.00
979.60	171.67
979.90	146.00
980.19	125.33
980.48	125.67
980.77	151.00
981.06	136.33
981.36	140.67
981.65	113.67
981.94	150.67
982.23	155.33
982.52	129.67
982.81	128.67
983.10	113.33
983.39	137.33
983.69	149.33
983.98	124.33
984.27	160.67
984.56	125.33
984.85	149.67
985.14	131.67
985.43	109.33
985.72	121.67
986.01	120.33
986.30	107.33
986.59	102.00
986.89	141.00
987.18	131.67
987.47	121.67
987.76	146.00
988.05	132.00
988.34	114.33
988.63	156.00
988.92	128.33
989.21	115.67
989.50	147.67
989.79	148.33
990.08	112.67
990.37	138.67
990.66	155.67
990.95	135.00
991.24	126.67
991.53	114.33
991.82	134.00
992.11	142.00
992.40	125.00
992.68	112.67
992.97	97.00
993.26	146.00
993.55	145.00
993.84	111.33
994.13	140.67
994.42	151.00
994.71	97.33
995.00	131.67
995.29	109.67
995.58	116.00
995.86	91.67
996.15	107.00
996.44	117.33
996.73	102.33
997.02	102.33
997.31	89.33
997.60	149.33
997.89	144.00
998.17	128.33
998.46	225.67
998.75	95.67
999.04	96.00
999.33	108.33
999.61	96.00
999.90	99.33
1000.19	93.33
1000.48	127.67
1000.77	222.67
1001.05	123.67
1001.34	176.00
1001.63	123.33
1001.92	116.67
1002.21	133.67
1002.49	120.00
1002.78	109.67
1003.07	116.00
1003.36	94.67
1003.64	81.33
1003.93	120.33
1004.22	135.33
1004.50	137.33
1004.79	108.33
1005.08	96.67
1005.37	94.67
1005.65	81.33
1005.94	100.67
1006.23	108.33
1006.51	123.33
1006.80	78.33
1007.09	103.00
1007.37	87.00
1007.66	127.33
1007.95	159.00
1008.23	142.00
1008.52	114.67
1008.81	104.33
1009.09	103.67
1009.38	86.33
1009.66	192.00
1009.95	115.67
1010.24	86.33
1010.52	103.67
1010.81	74.33
1011.10	85.67
1011.38	84.00
1011.67	129.00
1011.95	87.67
1012.24	72.00
1012.52	112.67
1012.81	93.33
1013.10	90.00
1013.38	97.67
1013.67	118.33
1013.95	113.33
1014.24	105.33
1014.52	81.33
1014.81	122.33
1015.09	119.33
1015.38	134.67
1015.66	76.00
1015.95	81.67
1016.23	90.33
1016.52	114.00
1016.80	71.33
1017.09	75.67
1017.37	75.33
1017.66	93.33
1017.94	118.33
1018.23	109.33
1018.51	80.67
1018.79	106.00
1019.08	75.33
1019.36	89.33
1019.65	68.67
1019.93	64.00
1020.22	81.00
1020.50	76.67
1020.78	138.33
1021.07	109.33
1021.35	165.33
1021.64	97.33
1021.92	82.33
1022.20	106.00
1022.49	77.00
1022.77	73.67
1023.05	92.67
1023.34	63.67
1023.62	73.33
1023.90	88.67
1024.19	90.00
1024.47	95.67
1024.75	84.67
1025.04	116.00
1025.32	112.33
1025.60	73.67
